時刻 [sec], ブレーキ踏力 [N], アクセル踏力 [N], 車速 [km/h], 操舵角 [deg], 加速度 (X) [G], 加速度 (Y) [G], 加速度 (Z) [G],
0.000000, 0.642930, 0.039078, 2.265877, 0.107371, -0.000885, 0.009443, 0.054322,
0.100000, 13.290178, 1.002195, 45.259199, 0.995272, -0.015505, 0.152940, 1.064558,
0.200000, 14.390555, 1.042860, 44.973298, 0.268193, -0.020857, 0.150242, 1.097290,
0.300000, 14.565869, 1.040488, 44.964709, 0.101609, -0.012375, 0.142577, 1.091829,
0.400000, 13.820580, 0.984751, 45.022646, 1.439164, -0.018829, 0.159292, 1.088749,
0.500000, 14.137584, 1.011769, 45.593904, 2.099734, -0.027907, 0.139299, 1.100936,
0.600000, 13.244001, 1.018562, 45.601285, 2.699659, -0.032035, 0.159579, 1.096960,
0.700000, 12.178017, 1.031781, 43.240189, 2.597215, -0.036301, 0.151526, 1.117596,
0.800000, 9.956234, 1.013160, 43.194863, 2.483491, -0.034652, 0.130517, 1.062618,
0.900000, 8.969498, 1.013449, 43.794384, 2.390875, -0.024352, 0.125640, 1.095842,
1.000000, 9.616488, 0.992507, 43.781460, 0.256602, -0.020318, 0.128094, 1.061110,
1.100000, 9.382351, 1.017210, 43.795799, -3.042490, -0.023417, 0.138165, 1.083682,
1.200000, 10.941915, 1.015816, 44.389254, -5.821324, -0.016609, 0.156284, 1.075939,
1.300000, 12.606656, 1.005447, 44.403613, -6.912826, -0.016253, 0.162945, 1.078584,
1.400000, 13.144775, 1.038126, 42.635500, -5.572140, -0.016821, 0.167683, 1.105051,
1.500000, 12.629983, 1.053418, 42.586142, -4.997500, -0.013622, 0.154942, 1.119995,
1.600000, 12.452681, 0.991557, 42.640347, -3.240959, -0.021922, 0.160283, 1.098982,
1.700000, 12.805706, 1.002600, 42.611772, -2.314902, -0.019897, 0.167599, 1.100298,
1.800000, 13.317776, 0.977516, 43.182371, -2.507973, -0.020296, 0.168884, 1.056652,
1.900000, 14.061382, 0.968943, 43.207632, -2.257752, -0.018621, 0.127414, 1.031800,
2.000000, 14.981756, 1.003326, 41.427105, -2.270640, -0.016283, 0.148670, 1.076780,
2.100000, 15.313624, 1.039846, 41.983087, -1.838363, -0.015732, 0.115971, 1.058988,
2.200000, 15.761269, 1.020045, 41.979388, -1.102238, -0.037349, 0.106262, 1.062695,
2.300000, 16.009928, 1.052444, 41.952599, -0.962948, -0.059166, 0.107786, 1.164605,
2.400000, 15.287967, 1.006356, 42.560409, 0.346715, -0.054881, 0.108632, 1.107092,
2.500000, 14.632535, 0.995252, 40.223457, 1.306956, -0.046373, 0.090229, 1.075662,
2.600000, 10.885823, 0.959248, 40.823630, 3.343284, -0.061099, 0.072778, 1.070770,
2.700000, 9.181626, 0.958718, 41.432140, 5.965393, -0.055254, 0.082064, 1.044349,
2.800000, 7.434618, 0.911251, 39.766309, 10.098426, -0.011566, 0.077203, 1.040016,
2.900000, 6.973816, 0.956150, 40.298329, 11.961583, -0.021524, 0.052173, 1.009999,
3.000000, 8.637164, 0.884689, 40.373872, 14.859657, -0.013550, 0.088918, 1.062461,
3.100000, 13.978662, 0.912989, 40.323514, 14.867150, -0.021997, 0.043840, 1.065489,
3.200000, 14.620838, 0.958838, 40.291102, 14.597941, -0.011560, 0.047631, 1.032425,
3.300000, 15.161596, 0.964387, 38.513845, 14.810089, -0.020345, 0.032209, 1.062090,
3.400000, 15.806441, 0.943978, 39.091713, 14.305705, -0.028899, 0.033686, 1.076788,
3.500000, 17.483106, 0.993802, 39.053323, 13.047475, -0.040461, 0.040372, 1.056091,
3.600000, 19.791988, 1.030186, 39.601917, 12.199010, -0.050342, 0.028721, 1.041701,
3.700000, 19.251720, 0.982900, 37.248207, 12.888672, -0.072957, 0.061585, 1.021516,
3.800000, 20.878956, 0.977285, 37.825047, 13.480636, -0.074800, 0.054667, 1.050420,
3.900000, 21.871711, 0.958207, 38.506836, 13.886060, -0.068604, 0.038508, 1.031533,
4.000000, 22.584714, 0.945693, 36.699489, 13.596424, -0.076079, 0.051947, 1.033754,
4.100000, 23.080827, 0.984449, 36.644194, 13.170063, -0.087973, 0.046346, 1.073481,
4.200000, 23.306978, 0.993186, 37.241002, 13.482559, -0.094824, 0.057754, 1.084701,
4.300000, 23.956491, 1.023350, 37.224339, 13.289335, -0.102443, 0.051284, 1.071087,
4.400000, 23.917494, 1.008792, 36.022880, 13.461962, -0.113088, 0.046319, 1.058846,
4.500000, 23.155414, 1.037739, 36.594728, 14.222796, -0.108176, 0.037751, 1.072453,
4.600000, 21.848212, 1.031877, 34.844810, 16.027477, -0.105082, 0.041570, 1.074279,
4.700000, 20.181073, 1.020313, 35.397715, 18.731871, -0.102201, 0.016528, 1.028263,
4.800000, 16.876824, 1.061169, 33.650791, 19.307156, -0.113772, 0.004998, 1.049040,
4.900000, 15.404517, 1.025363, 33.623274, 18.175406, -0.107889, 0.050854, 1.063459,
5.000000, 15.249752, 1.050783, 32.448097, 17.204789, -0.085732, 0.022395, 1.070386,
5.100000, 15.563633, 1.023570, 33.008304, 16.948545, -0.077164, 0.026172, 1.065327,
5.200000, 17.121389, 1.019270, 33.015175, 16.443431, -0.077378, 0.049603, 1.018882,
5.300000, 19.032038, 1.045458, 31.849158, 16.663424, -0.085023, 0.036523, 1.053330,
5.400000, 19.038357, 1.029349, 31.832914, 17.902379, -0.081318, 0.033058, 1.048841,
5.500000, 17.339941, 1.028156, 32.419798, 20.425404, -0.083696, 0.049940, 1.042264,
5.600000, 17.685120, 1.006982, 30.127282, 22.168009, -0.087086, -0.000811, 1.015946,
5.700000, 17.717036, 0.970989, 30.724347, 22.614191, -0.085173, 0.018703, 1.088299,
5.800000, 18.316727, 1.010443, 30.677321, 21.227233, -0.089503, 0.055283, 1.053307,
5.900000, 19.359727, 1.037820, 29.478882, 20.510535, -0.079919, 0.017614, 1.059292,
6.000000, 21.022535, 1.011664, 30.043360, 20.290425, -0.087871, 0.012862, 1.076949,
6.100000, 21.552783, 1.033882, 30.042400, 19.715284, -0.098098, 0.021964, 1.038969,
6.200000, 22.535397, 1.012360, 28.283504, 20.246094, -0.091916, 0.071574, 1.043931,
6.300000, 23.883724, 0.996113, 28.884542, 21.811973, -0.111407, 0.018462, 1.094181,
6.400000, 23.545299, 1.018534, 29.457248, 21.544679, -0.111098, 0.039427, 1.023348,
6.500000, 23.418569, 1.062930, 27.100779, 20.793998, -0.109181, 0.040522, 1.075989,
6.600000, 23.106302, 1.066665, 27.648837, 20.547755, -0.127241, 0.021423, 1.044436,
6.700000, 22.278356, 1.044381, 26.499377, 19.906464, -0.125135, 0.036806, 1.072876,
6.800000, 17.653306, 1.022574, 26.490140, 19.546626, -0.119334, 0.067442, 1.059081,
6.900000, 17.148996, 1.026056, 26.481334, 18.562440, -0.120700, 0.022106, 1.054459,
7.000000, 18.747525, 1.038990, 27.063439, 18.004250, -0.099145, 0.058424, 1.080528,
7.100000, 21.771869, 1.037611, 25.907919, 18.214998, -0.095803, 0.041762, 1.064596,
7.200000, 20.391113, 1.066771, 25.869473, 18.212514, -0.104199, 0.048403, 1.098411,
7.300000, 12.210379, 1.036823, 26.465693, 17.685568, -0.107316, 0.042831, 1.059363,
7.400000, 5.054116, 1.027576, 24.134893, 17.326348, -0.065830, 0.034800, 1.061705,
7.500000, 0.392465, 1.054178, 24.646594, 16.960985, -0.029899, 0.051461, 1.033526,
7.600000, 0.048135, 1.057663, 25.272056, 17.141386, -0.011307, 0.070270, 1.082740,
7.700000, 0.063568, 1.056918, 24.688764, 17.223405, -0.010904, 0.027799, 1.094373,
7.800000, 0.039067, 1.144470, 25.258638, 17.050714, -0.012678, 0.051624, 1.077485,
7.900000, -0.047497, 3.533208, 25.271053, 17.740619, 0.004758, 0.045888, 1.026269,
8.000000, -0.061557, 5.640621, 25.261130, 20.073071, -0.008195, 0.064238, 1.053495,
8.100000, 0.015871, 9.357892, 25.282892, 22.976831, -0.004925, 0.017353, 1.095866,
8.200000, -0.057404, 13.659367, 25.270367, 23.602481, 0.002586, 0.061451, 1.063624,
8.300000, -0.048852, 13.898006, 25.271844, 22.133178, 0.017855, 0.040614, 1.037461,
8.400000, -0.040827, 13.994337, 25.264252, 20.786464, 0.015282, 0.062296, 1.076274,
8.500000, -0.045861, 13.741671, 25.265219, 19.404301, 0.035234, 0.060246, 1.074045,
8.600000, -0.115009, 14.209118, 24.687591, 19.545090, 0.032154, 0.034848, 1.084843,
8.700000, -0.168428, 13.835210, 24.663569, 19.769810, 0.054183, 0.069950, 1.044343,
8.800000, -0.197134, 12.839453, 24.664246, 20.791678, 0.044610, 0.088705, 1.020093,
8.900000, -0.144455, 13.843235, 24.664378, 21.914278, 0.050021, 0.055865, 1.041878,
9.000000, -0.089854, 15.520184, 24.672375, 22.756704, 0.048615, 0.026596, 1.076657,
9.100000, -0.053481, 15.841019, 24.073105, 23.879595, 0.045756, 0.055537, 1.092130,
9.200000, -0.086208, 15.817935, 26.387175, 26.194051, 0.065013, 0.050127, 1.054131,
9.300000, -0.107670, 15.740940, 25.880939, 29.358768, 0.062007, 0.013752, 1.041225,
9.400000, -0.119982, 16.483461, 25.863907, 34.339561, 0.055604, 0.037549, 1.068111,
9.500000, -0.114660, 18.441104, 27.028278, 38.345679, 0.068216, 0.025238, 1.078127,
9.600000, -0.151560, 19.423368, 27.068644, 41.689304, 0.054397, 0.005689, 1.050319,
9.700000, -0.169004, 21.120761, 27.081255, 45.274821, 0.072903, -0.020716, 1.043403,
9.800000, -0.086634, 23.450753, 27.067643, 48.455097, 0.063847, -0.002237, 1.058617,
9.900000, -0.072586, 23.015130, 26.484922, 50.159961, 0.076855, -0.007926, 1.084177,
10.000000, -0.106690, 18.401386, 26.456119, 50.299701, 0.099926, 0.005655, 1.031438,
10.100000, -0.135527, 14.239742, 27.618139, 48.522787, 0.097617, -0.015641, 1.043319,
10.200000, -0.104590, 14.912780, 27.058368, 46.030285, 0.101499, -0.010983, 1.081595,
10.300000, -0.122414, 16.601714, 29.346782, 44.119460, 0.099234, 0.003906, 1.105055,
10.400000, -0.172337, 16.638929, 28.872222, 43.236565, 0.094328, 0.006010, 1.063243,
10.500000, -0.170647, 17.028795, 28.257883, 42.903103, 0.092581, 0.001769, 1.034275,
10.600000, -0.199267, 17.434018, 29.967003, 43.452661, 0.099124, 0.009253, 1.050364,
10.700000, -0.176280, 18.039560, 30.028331, 44.667274, 0.098796, -0.009941, 1.084028,
10.800000, -0.079620, 17.848902, 30.022478, 46.539838, 0.116062, -0.029856, 1.084133,
10.900000, -0.113269, 17.081234, 29.443957, 49.616904, 0.095256, -0.019682, 1.029943,
11.000000, -0.213337, 17.130166, 30.587151, 52.857665, 0.082270, -0.009842, 1.045396,
11.100000, -0.217977, 17.861638, 30.033590, 54.237679, 0.087024, -0.031189, 1.090675,
11.200000, -0.217940, 20.098832, 32.343380, 52.903987, 0.090780, -0.058626, 1.104607,
11.300000, -0.118974, 22.407927, 32.432700, 50.282338, 0.087566, -0.042208, 1.087142,
11.400000, -0.131854, 22.187120, 31.853075, 47.032153, 0.092160, -0.006056, 1.047935,
11.500000, -0.130555, 24.352780, 31.243210, 43.545732, 0.089482, -0.014158, 1.039009,
11.600000, -0.170284, 26.789180, 31.211346, 38.339892, 0.084583, 0.001970, 1.069017,
11.700000, -0.185621, 28.524351, 32.953924, 34.088738, 0.086843, 0.019427, 1.072482,
11.800000, -0.220853, 29.912131, 33.019030, 31.134909, 0.098512, 0.023148, 1.069394,
11.900000, -0.217640, 30.882832, 32.436849, 29.300563, 0.103958, 0.016056, 1.062092,
12.000000, -0.208455, 31.446066, 34.152304, 27.875246, 0.102786, 0.043009, 1.087343,
12.100000, -0.218123, 32.058322, 33.632425, 26.185581, 0.121991, 0.025085, 1.095249,
12.200000, -0.264446, 32.313767, 33.623586, 23.516548, 0.120978, 0.016189, 1.060111,
12.300000, -0.218095, 32.164231, 33.026943, 21.079555, 0.123301, 0.064509, 1.082877,
12.400000, -0.241740, 30.044014, 34.734901, 18.869939, 0.130988, 0.047374, 1.068000,
12.500000, -0.225291, 30.729625, 34.813845, 15.244985, 0.125619, 0.061055, 1.054022,
12.600000, -0.202501, 31.676851, 34.229004, 12.961437, 0.111002, 0.102615, 1.091570,
12.700000, -0.218027, 30.931887, 35.933418, 11.789834, 0.122157, 0.081450, 1.076001,
12.800000, -0.243117, 30.542727, 35.995806, 9.125751, 0.123603, 0.085858, 1.069101,
12.900000, -0.251749, 30.660016, 35.427408, 8.665868, 0.111060, 0.099459, 1.054120,
13.000000, -0.200706, 30.465881, 37.129680, 8.467138, 0.114916, 0.082577, 1.057097,
13.100000, -0.181905, 30.758273, 37.204441, 8.336458, 0.122506, 0.090253, 1.090804,
13.200000, -0.210263, 29.705740, 36.627293, 8.180238, 0.121685, 0.088486, 1.055972,
13.300000, -0.239053, 27.774130, 36.585209, 7.026679, 0.115742, 0.102065, 1.053971,
13.400000, -0.200792, 28.642061, 37.757806, 4.727289, 0.119573, 0.085112, 1.110236,
13.500000, -0.270102, 28.272638, 37.809787, 1.850718, 0.108981, 0.111524, 1.029698,
13.600000, -0.236087, 28.775728, 37.206050, 0.744540, 0.107902, 0.118245, 1.057242,
13.700000, -0.273876, 32.214764, 39.533146, 1.118172, 0.113151, 0.114386, 1.081697,
13.800000, -0.123390, 32.364834, 39.046782, 1.027838, 0.117170, 0.097375, 1.099855,
13.900000, -0.090809, 31.078103, 39.018778, 0.866400, 0.115814, 0.125095, 1.163349,
14.000000, -0.314253, 28.372150, 38.481513, 0.974828, 0.125555, 0.123783, 1.061994,
14.100000, -0.324933, 25.916160, 40.131508, 0.680993, 0.126315, 0.117466, 1.124093,
14.200000, -0.309914, 26.056064, 39.651654, 0.206463, 0.113586, 0.120544, 1.092506,
14.300000, -0.253028, 25.720710, 39.609810, -0.149663, 0.126156, 0.123423, 1.022068,
14.400000, -0.288223, 26.069788, 39.621945, -0.151784, 0.111947, 0.116936, 1.022816,
14.500000, -0.228383, 27.346975, 39.608540, 0.071137, 0.122547, 0.113644, 1.044730,
14.600000, -0.214357, 27.210094, 41.331570, 0.893853, 0.114714, 0.122340, 1.068627,
14.700000, -0.267760, 28.356278, 40.843422, 2.936027, 0.120583, 0.102318, 1.081919,
14.800000, -0.244407, 28.713903, 40.805934, 3.824647, 0.112511, 0.107417, 1.074788,
14.900000, -0.254418, 29.375989, 40.247939, 4.195996, 0.116200, 0.105065, 1.079440,
15.000000, -0.228553, 30.560591, 42.490320, 4.413374, 0.116552, 0.092641, 1.065122,
15.100000, -0.230817, 31.301421, 42.606259, 4.997713, 0.118240, 0.104972, 1.048574,
15.200000, -0.236966, 32.455541, 42.042433, 4.528239, 0.117907, 0.103780, 1.055558,
15.300000, -0.229605, 33.247000, 42.011889, 3.433614, 0.115775, 0.103385, 1.056627,
15.400000, -0.222697, 33.253915, 41.437469, 1.928929, 0.116981, 0.105138, 1.060147,
15.500000, -0.262717, 33.464183, 43.111799, 0.680910, 0.118181, 0.115869, 1.059402,
15.600000, -0.339912, 33.743254, 43.294823, 1.833579, 0.117416, 0.110234, 1.053704,
15.700000, -0.349297, 34.404681, 42.728719, 2.884645, 0.123012, 0.116043, 1.067400,
15.800000, -0.264021, 34.225730, 42.683966, 3.476863, 0.119940, 0.116270, 1.060841,
15.900000, -0.336451, 34.447445, 44.385834, 3.782347, 0.123737, 0.116213, 1.074920,
16.000000, -0.296557, 34.012399, 43.857525, 3.555817, 0.123665, 0.117014, 1.070642,
16.100000, -0.268005, 33.748886, 43.822497, 4.362300, 0.117794, 0.103472, 1.073588,
16.200000, -0.288253, 33.316245, 43.811445, 6.495009, 0.122024, 0.103811, 1.064354,
16.300000, -0.216540, 33.115435, 43.212503, 8.265016, 0.119777, 0.096686, 1.071780,
16.400000, -0.275633, 32.977286, 45.463627, 10.339184, 0.121564, 0.085489, 1.032127,
16.500000, -0.250519, 33.101179, 45.011076, 11.629612, 0.126113, 0.083887, 1.049063,
16.600000, -0.220797, 33.178463, 44.980681, 12.208825, 0.120681, 0.073893, 1.030780,
16.700000, -0.233662, 33.499372, 44.417997, 14.617108, 0.122718, 0.077721, 1.047869,
16.800000, -0.189154, 34.669890, 46.059879, 17.446055, 0.121954, 0.054471, 1.063608,
16.900000, -0.207900, 35.508906, 46.171475, 20.057826, 0.121673, 0.049251, 1.070347,
17.000000, -0.258231, 34.196646, 45.637256, 21.020112, 0.123732, 0.048436, 1.081181,
17.100000, -0.284604, 31.880061, 45.583641, 19.819551, 0.120244, 0.040810, 1.061981,
17.200000, -0.262422, 27.287744, 47.279876, 17.008006, 0.120725, 0.050187, 1.067485,
17.300000, -0.230712, 23.559617, 46.800196, 14.553250, 0.125518, 0.057707, 1.065746,
17.400000, -0.326137, 25.365796, 46.858863, 15.249574, 0.120672, 0.070465, 1.052793,
17.500000, -0.308377, 28.414038, 46.864782, 15.185276, 0.120208, 0.072420, 1.069171,
17.600000, -0.255967, 29.053184, 46.217095, 14.748597, 0.120647, 0.074079, 1.050026,
17.700000, -0.306500, 27.584981, 48.494548, 15.306007, 0.120582, 0.069719, 1.072116,
17.800000, -0.309584, 27.444132, 48.064898, 15.255758, 0.121760, 0.062718, 1.075857,
17.900000, -0.293614, 26.804632, 47.995221, 14.214312, 0.118684, 0.066090, 1.059046,
18.000000, -0.249699, 26.999116, 47.391756, 12.632866, 0.119809, 0.070908, 1.077040,
18.100000, -0.383565, 26.715300, 49.667296, 12.543103, 0.113096, 0.091182, 1.017436,
18.200000, -0.311153, 27.453032, 49.814928, 13.390024, 0.106129, 0.079149, 1.042908,
18.300000, -0.232220, 28.508091, 49.197515, 14.171916, 0.127427, 0.083640, 1.061493,
18.400000, -0.239761, 30.906873, 49.168365, 16.391053, 0.117417, 0.068439, 1.085530,
18.500000, -0.395771, 33.431168, 48.677776, 20.385142, 0.113637, 0.058254, 1.064487,
18.600000, -0.317046, 35.814237, 50.254280, 21.695304, 0.106264, 0.046080, 1.066229,
18.700000, -0.298046, 35.895281, 50.348446, 23.611788, 0.116510, 0.035975, 1.040641,
18.800000, -0.333212, 36.640234, 50.425602, 26.566975, 0.116829, 0.031210, 1.042453,
18.900000, -0.261608, 37.503140, 49.821802, 28.287242, 0.120861, 0.016860, 1.043201,
19.000000, -0.224954, 38.529578, 49.740404, 28.799159, 0.131494, 0.022604, 1.057911,
19.100000, -0.229427, 38.816823, 51.413385, 28.801811, 0.133256, 0.012056, 1.060513,
19.200000, -0.254473, 38.701950, 50.974130, 28.703532, 0.143613, 0.004975, 1.064166,
19.300000, -0.364368, 38.818474, 50.447120, 29.602469, 0.155448, 0.011656, 1.070244,
19.400000, -0.351817, 38.307714, 52.627355, 28.613762, 0.145853, 0.004510, 1.050168,
19.500000, -0.385843, 39.662980, 52.221981, 27.743226, 0.155778, 0.016242, 1.053508,
19.600000, -0.276299, 40.066837, 52.145257, 25.939774, 0.149939, 0.022330, 1.045908,
19.700000, -0.332889, 39.312831, 51.596749, 24.845518, 0.145003, 0.034668, 1.060986,
19.800000, -0.335714, 37.147066, 53.255479, 24.219592, 0.154931, 0.032084, 1.042625,
19.900000, -0.315821, 34.939102, 52.762251, 23.901760, 0.150489, 0.035910, 1.052501,
20.000000, -0.239556, 36.302200, 54.378303, 23.251768, 0.149483, 0.041143, 1.063129,
20.100000, -0.226028, 37.174697, 53.930256, 22.996014, 0.140061, 0.042072, 1.061361,
20.200000, -0.208815, 36.396810, 53.899778, 22.664453, 0.146400, 0.043313, 1.056954,
20.300000, -0.254514, 35.597545, 53.330609, 22.367761, 0.144610, 0.041361, 1.056232,
20.400000, -0.241786, 34.319176, 54.975569, 22.466432, 0.141344, 0.048600, 1.058414,
20.500000, -0.259970, 31.815797, 55.075103, 21.791295, 0.145789, 0.048853, 1.049497,
20.600000, -0.256860, 29.257214, 54.497477, 20.963291, 0.149451, 0.047770, 1.067405,
20.700000, -0.243209, 26.966919, 56.137455, 20.399129, 0.143612, 0.048508, 1.054388,
20.800000, -0.220565, 25.122334, 55.701453, 20.134095, 0.138060, 0.046269, 1.078513,
20.900000, -0.216614, 25.462982, 55.654100, 20.308411, 0.139095, 0.056269, 1.070068,
21.000000, -0.220235, 25.502373, 57.362625, 20.316873, 0.139077, 0.050401, 1.073513,
21.100000, -0.263276, 25.527214, 56.886217, 20.327574, 0.138981, 0.057049, 1.061413,
21.200000, -0.268419, 24.971992, 56.831213, 20.321092, 0.132874, 0.048073, 1.043186,
21.300000, -0.339238, 24.536747, 58.596171, 20.965880, 0.145773, 0.050938, 1.040838,
21.400000, -0.385505, 24.685529, 58.218418, 21.475291, 0.141116, 0.053316, 1.054882,
21.500000, -0.332422, 24.387386, 58.121342, 20.418696, 0.133740, 0.047601, 1.038593,
21.600000, -0.234488, 23.540582, 57.520877, 19.832096, 0.139510, 0.063908, 1.063890,
21.700000, -0.312246, 23.224117, 59.760848, 20.311756, 0.137420, 0.055644, 1.067429,
21.800000, -0.320607, 23.472746, 59.369853, 20.169035, 0.144069, 0.060647, 1.076592,
21.900000, -0.342871, 23.158052, 58.733112, 19.777195, 0.139262, 0.053363, 1.052465,
22.000000, -0.334869, 22.504068, 60.410478, 20.008903, 0.134301, 0.052557, 1.048973,
22.100000, -0.347504, 22.252735, 60.521606, 19.747100, 0.145205, 0.064992, 1.053056,
22.200000, -0.263050, 22.987003, 59.932901, 19.429680, 0.139374, 0.058523, 1.053409,
22.300000, -0.353400, 23.449990, 59.941536, 20.077337, 0.140291, 0.054862, 1.073545,
22.400000, -0.296164, 22.976545, 60.985709, 19.340810, 0.138979, 0.061818, 1.066668,
22.500000, -0.277663, 22.756166, 61.058387, 19.027618, 0.136477, 0.063981, 1.060503,
22.600000, -0.366737, 23.125154, 60.568352, 18.985206, 0.137532, 0.060101, 1.073195,
22.700000, -0.355000, 23.093612, 62.724127, 18.835092, 0.129708, 0.057951, 1.043938,
22.800000, -0.302816, 22.316362, 62.283570, 18.154623, 0.135723, 0.055646, 1.046230,
22.900000, -0.247062, 20.521179, 62.242620, 18.246020, 0.135649, 0.062619, 1.035145,
23.000000, -0.250095, 18.520412, 61.680676, 18.145311, 0.134621, 0.062070, 1.058459,
23.100000, -0.216094, 17.161424, 63.287741, 17.963210, 0.137211, 0.070435, 1.062165,
23.200000, -0.247178, 16.062980, 62.831843, 18.130979, 0.132643, 0.065150, 1.073571,
23.300000, -0.245982, 14.854816, 62.811642, 18.155708, 0.129190, 0.064269, 1.075136,
23.400000, -0.251893, 13.576124, 64.471023, 18.230381, 0.134113, 0.066281, 1.070918,
23.500000, -0.269366, 12.433060, 64.063249, 18.684369, 0.132061, 0.059340, 1.051119,
23.600000, -0.286509, 11.569972, 64.037173, 19.291320, 0.121009, 0.060038, 1.050611,
23.700000, -0.222607, 11.106801, 64.017788, 18.780904, 0.119794, 0.065579, 1.052194,
23.800000, -0.213266, 12.165445, 63.414918, 18.808680, 0.107408, 0.060236, 1.055860,
23.900000, -0.241503, 15.339217, 65.037802, 18.696110, 0.118373, 0.068519, 1.068434,
24.000000, -0.294339, 17.415413, 65.227172, 19.391298, 0.117453, 0.064550, 1.056557,
24.100000, -0.278848, 17.670542, 65.197900, 18.829482, 0.116933, 0.068081, 1.066282,
24.200000, -0.252803, 16.447203, 64.651697, 19.263075, 0.115523, 0.063796, 1.053851,
24.300000, -0.270519, 13.073694, 66.241153, 19.358327, 0.116489, 0.061753, 1.063593,
24.400000, -0.267717, 10.069947, 66.372744, 19.730621, 0.108599, 0.064997, 1.057935,
24.500000, -0.289427, 10.223601, 66.380725, 19.696618, 0.105537, 0.058996, 1.043473,
24.600000, -0.308156, 11.285320, 65.870715, 20.274787, 0.095867, 0.059366, 1.044097,
24.700000, -0.259188, 11.726412, 65.801053, 19.622657, 0.099117, 0.060015, 1.058512,
24.800000, -0.222406, 11.451051, 65.778246, 19.267643, 0.103276, 0.063370, 1.084921,
24.900000, -0.223280, 12.100667, 67.410282, 19.017993, 0.101818, 0.064232, 1.089329,
25.000000, -0.275910, 12.667621, 66.995426, 18.903891, 0.096779, 0.074228, 1.074386,
25.100000, -0.271007, 12.178592, 66.959542, 18.490292, 0.096895, 0.065520, 1.060648,
25.200000, -0.230452, 11.411077, 66.965173, 18.276886, 0.099692, 0.064162, 1.080837,
25.300000, -0.255878, 9.324077, 66.933741, 17.322173, 0.089579, 0.071897, 1.039943,
25.400000, -0.260369, 8.684568, 66.396510, 18.375977, 0.095965, 0.080322, 1.013568,
25.500000, -0.375417, 9.071420, 66.422767, 19.399874, 0.090669, 0.072969, 1.011044,
25.600000, -0.223603, 8.896744, 66.364414, 18.432117, 0.088932, 0.054308, 1.055294,
25.700000, -0.232240, 11.238913, 68.567039, 18.384478, 0.087947, 0.067110, 1.107339,
25.800000, -0.398907, 16.369093, 68.348104, 20.531112, 0.082294, 0.059982, 1.098945,
25.900000, -0.297887, 19.957901, 68.241419, 19.783074, 0.082249, 0.057271, 1.094907,
26.000000, -0.325570, 24.380559, 68.203348, 20.478223, 0.083089, 0.062507, 1.037629,
26.100000, -0.306693, 27.247762, 68.194527, 20.889632, 0.082608, 0.056120, 1.039657,
26.200000, -0.306811, 30.249182, 68.219957, 20.647852, 0.087957, 0.060541, 1.045428,
26.300000, -0.248245, 33.537189, 68.190098, 19.737462, 0.091257, 0.043898, 1.070426,
26.400000, -0.252639, 35.301710, 67.625440, 19.136248, 0.079124, 0.054290, 1.067038,
26.500000, -0.309491, 34.377256, 69.226707, 18.665435, 0.072978, 0.054074, 1.052072,
26.600000, -0.266017, 32.759693, 69.348472, 18.227551, 0.084301, 0.057250, 1.042112,
26.700000, -0.242269, 33.914542, 69.349339, 18.414658, 0.098548, 0.056972, 1.075739,
26.800000, -0.209473, 34.357369, 69.330415, 17.440048, 0.088582, 0.059332, 1.064143,
26.900000, -0.225485, 32.786089, 68.779514, 16.939432, 0.081972, 0.061461, 1.056410,
27.000000, -0.223621, 31.055941, 68.737657, 16.467125, 0.085268, 0.061494, 1.050136,
27.100000, -0.239126, 29.821031, 68.730137, 15.594705, 0.089371, 0.064561, 1.058664,
27.200000, -0.233696, 29.082581, 68.745515, 15.000392, 0.090370, 0.070948, 1.058298,
27.300000, -0.195843, 28.940468, 68.732314, 14.893036, 0.091364, 0.068123, 1.079221,
27.400000, -0.211963, 28.644698, 70.376591, 15.158091, 0.093666, 0.081628, 1.064561,
27.500000, -0.228005, 29.114400, 69.983336, 15.177302, 0.092048, 0.083844, 1.050445,
27.600000, -0.241410, 29.230574, 69.920683, 15.019272, 0.095530, 0.078067, 1.033922,
27.700000, -0.214284, 28.281650, 69.933298, 15.237993, 0.102863, 0.078754, 1.070971,
27.800000, -0.196444, 27.226203, 69.932313, 15.140832, 0.096490, 0.067874, 1.051837,
27.900000, -0.179553, 26.170637, 69.381759, 14.886153, 0.097512, 0.074244, 1.101373,
28.000000, -0.230945, 25.119146, 69.333770, 14.595043, 0.101713, 0.078522, 1.074803,
28.100000, -0.224190, 23.228988, 71.497010, 13.520526, 0.093209, 0.082070, 1.047827,
28.200000, -0.269705, 20.392602, 71.761385, 13.261416, 0.101756, 0.081598, 1.047309,
28.300000, -0.243156, 16.735718, 71.197888, 14.114926, 0.099901, 0.081654, 1.039248,
28.400000, -0.256045, 13.146344, 71.138019, 13.954946, 0.096805, 0.083395, 1.052630,
28.500000, -0.206942, 11.834699, 71.141440, 14.300053, 0.094731, 0.086419, 1.075777,
28.600000, -0.175452, 10.872623, 70.565135, 14.362707, 0.098687, 0.090771, 1.090286,
28.700000, -0.290787, 10.090860, 70.555334, 15.442070, 0.087403, 0.095712, 1.051464,
28.800000, -0.267224, 12.808123, 72.717411, 16.391626, 0.082781, 0.095500, 1.041577,
28.900000, -0.242259, 17.422024, 72.922030, 16.638926, 0.080982, 0.078579, 1.033285,
29.000000, -0.200326, 20.697749, 72.947937, 17.021584, 0.084567, 0.068021, 1.094287,
29.100000, -0.231074, 20.834740, 72.422257, 18.056960, 0.085428, 0.069498, 1.107619,
29.200000, -0.272264, 19.694377, 72.347973, 19.426733, 0.083578, 0.063362, 1.083045,
29.300000, -0.236580, 18.700175, 72.308027, 19.185879, 0.084500, 0.061504, 1.030370,
29.400000, -0.284501, 17.758647, 72.393819, 19.556709, 0.095074, 0.055194, 1.033959,
29.500000, -0.250361, 14.110138, 72.376577, 19.139903, 0.089879, 0.050736, 1.047737,
29.600000, -0.229645, 10.235895, 71.811391, 18.540671, 0.092963, 0.058705, 1.076570,
29.700000, -0.312279, 9.177909, 73.420457, 18.834637, 0.085001, 0.054124, 1.044184,
29.800000, -0.295521, 9.003676, 73.550611, 18.322871, 0.082675, 0.054741, 1.036544,
29.900000, -0.251989, 8.449087, 73.557686, 17.682239, 0.085136, 0.059644, 1.051695,
30.000000, -0.174941, 9.991448, 73.532893, 16.252943, 0.082193, 0.066611, 1.084340,
30.100000, -0.236979, 9.786824, 73.548788, 15.569780, 0.083410, 0.071154, 1.097066,
30.200000, -0.274794, 7.923179, 73.015927, 16.332099, 0.075694, 0.078231, 1.080662,
30.300000, -0.237805, 7.631531, 72.918274, 16.403920, 0.080440, 0.079281, 1.062090,
30.400000, -0.266618, 9.821944, 72.956610, 16.895066, 0.070233, 0.076370, 1.028353,
30.500000, -0.276042, 14.346083, 72.969970, 17.761407, 0.070635, 0.069409, 1.033470,
30.600000, -0.219292, 15.531907, 72.916004, 17.820973, 0.068472, 0.064887, 1.028438,
30.700000, -0.202174, 16.100961, 72.912465, 18.008777, 0.066511, 0.062606, 1.039020,
30.800000, -0.150703, 15.333570, 72.913235, 17.955323, 0.067002, 0.071518, 1.072798,
30.900000, -0.169422, 15.392832, 72.920432, 18.154721, 0.063937, 0.062238, 1.099771,
31.000000, -0.211504, 14.950223, 74.550528, 19.135272, 0.063524, 0.061184, 1.111891,
31.100000, -0.188734, 14.725119, 74.669354, 19.062055, 0.059112, 0.060387, 1.070497,
31.200000, -0.230580, 16.154318, 74.682613, 19.364699, 0.056582, 0.055090, 1.029623,
31.300000, -0.249965, 17.835997, 73.135024, 20.002609, 0.065602, 0.051582, 1.021028,
31.400000, -0.202202, 15.453076, 72.945103, 19.932370, 0.063862, 0.047163, 1.057199,
31.500000, -0.232897, 13.830313, 74.544221, 20.597890, 0.061081, 0.051675, 1.061819,
31.600000, -0.258402, 14.668425, 74.754781, 22.207208, 0.056613, 0.047526, 1.061340,
31.700000, -0.195540, 15.880271, 74.705431, 23.069259, 0.062934, 0.043836, 1.062654,
31.800000, -0.175866, 16.639945, 74.681541, 23.204786, 0.063728, 0.036233, 1.076726,
31.900000, -0.201198, 17.051654, 74.705170, 22.385828, 0.055531, 0.025622, 1.060794,
32.000000, -0.196804, 17.466286, 74.700770, 22.113522, 0.060614, 0.025018, 1.086720,
32.100000, -0.171555, 17.499317, 74.682399, 20.621627, 0.058698, 0.026794, 1.071480,
32.200000, -0.211076, 16.745998, 74.692994, 19.205560, 0.050370, 0.030597, 1.049095,
32.300000, -0.161067, 18.536673, 74.670321, 18.904945, 0.061423, 0.035874, 1.043211,
32.400000, -0.206272, 20.847028, 74.673591, 19.214154, 0.056874, 0.042633, 1.039997,
32.500000, -0.212349, 24.141598, 74.673986, 19.281996, 0.058148, 0.050330, 1.041581,
32.600000, -0.160164, 26.411530, 74.659830, 19.456564, 0.066338, 0.049437, 1.057557,
32.700000, -0.160853, 28.828357, 74.135360, 20.374863, 0.063937, 0.046343, 1.070472,
32.800000, -0.134145, 29.780357, 74.062295, 21.041536, 0.066627, 0.048925, 1.071405,
32.900000, -0.213934, 29.117429, 74.080860, 21.692051, 0.062433, 0.048043, 1.040155,
33.000000, -0.166708, 26.633725, 74.082128, 22.036315, 0.072544, 0.035812, 1.047522,
33.100000, -0.130083, 24.476508, 74.077340, 22.478462, 0.063057, 0.028165, 1.065739,
33.200000, -0.183450, 22.725689, 74.104512, 22.786873, 0.069631, 0.034423, 1.078811,
33.300000, -0.179499, 20.748785, 74.084827, 22.742364, 0.069421, 0.034760, 1.103022,
33.400000, -0.155512, 17.619046, 74.097793, 22.948525, 0.067536, 0.025747, 1.108038,
33.500000, -0.183702, 13.227750, 74.103627, 22.302892, 0.065257, 0.029230, 1.100905,
33.600000, -0.250899, 12.160208, 74.101725, 21.574487, 0.069565, 0.021729, 1.039719,
33.700000, -0.293410, 10.032085, 74.099453, 20.975462, 0.051466, 0.028475, 0.997163,
33.800000, -0.308140, 8.168419, 74.093983, 20.278986, 0.072254, 0.038061, 0.942151,
33.900000, -0.259523, 5.561222, 74.091063, 19.761400, 0.067263, 0.040095, 0.973953,
34.000000, -0.250529, 7.289984, 74.094456, 20.398737, 0.059843, 0.048085, 1.010296,
34.100000, -0.186193, 10.553846, 73.575452, 20.500794, 0.059970, 0.034675, 1.060838,
34.200000, -0.188412, 13.863453, 73.507363, 20.507240, 0.064309, 0.034324, 1.085390,
34.300000, -0.181208, 13.781574, 73.494787, 20.477526, 0.058502, 0.037776, 1.079521,
34.400000, -0.266345, 10.845464, 73.508370, 20.674657, 0.057550, 0.039749, 1.055250,
34.500000, -0.275152, 6.785187, 73.517099, 20.716071, 0.058742, 0.047380, 0.997338,
34.600000, -0.247682, 5.296359, 73.507514, 20.465765, 0.062295, 0.045521, 1.005874,
34.700000, -0.241764, 2.943472, 73.510948, 20.732305, 0.055687, 0.034771, 1.022386,
34.800000, -0.204610, 2.693232, 75.619136, 20.859577, 0.047632, 0.042768, 1.049146,
34.900000, -0.231358, 4.013005, 75.889146, 20.808428, 0.039648, 0.038005, 1.044233,
35.000000, -0.212792, 3.839672, 73.772205, 20.954630, 0.029920, 0.031089, 1.039439,
35.100000, -0.226084, 5.939891, 73.508487, 20.917901, 0.035263, 0.031127, 1.031421,
35.200000, -0.192204, 5.642695, 73.523352, 21.531158, 0.036690, 0.031415, 1.001432,
35.300000, -0.202881, 6.264003, 75.621598, 21.514924, 0.037147, 0.028543, 1.035489,
35.400000, -0.254817, 9.125744, 73.827685, 22.396963, 0.039267, 0.031829, 1.046411,
35.500000, -0.252618, 13.292215, 73.544766, 21.943375, 0.033806, 0.028993, 1.051985,
35.600000, -0.224022, 15.483754, 75.650707, 21.795234, 0.040690, 0.027649, 1.043806,
35.700000, -0.272597, 17.037369, 75.922195, 21.351963, 0.033306, 0.025178, 1.033472,
35.800000, -0.245547, 13.933630, 75.895500, 20.412925, 0.040130, 0.032460, 1.027919,
35.900000, -0.240528, 11.377831, 73.799871, 20.302585, 0.033178, 0.031300, 1.006790,
36.000000, -0.232485, 13.289553, 75.622031, 19.907631, 0.031379, 0.030254, 1.035259,
36.100000, -0.191431, 15.078245, 75.893251, 19.071708, 0.034660, 0.031354, 1.060416,
36.200000, -0.240193, 13.046688, 75.356215, 18.783609, 0.027176, 0.039694, 1.057182,
36.300000, -0.281005, 12.011515, 75.283288, 18.620295, 0.027584, 0.042020, 1.018778,
36.400000, -0.240499, 13.245958, 75.280704, 18.409367, 0.030621, 0.050337, 1.000574,
36.500000, -0.217781, 14.258840, 75.281783, 18.551148, 0.030926, 0.050534, 1.014183,
36.600000, -0.195320, 16.385891, 75.281841, 18.633901, 0.030022, 0.048906, 1.039838,
36.700000, -0.203797, 19.180028, 75.281886, 18.519999, 0.030788, 0.053320, 1.057197,
36.800000, -0.217093, 21.078338, 75.278341, 18.587420, 0.026712, 0.061688, 1.061167,
36.900000, -0.242152, 24.389963, 75.287422, 18.937665, 0.028005, 0.057340, 1.040020,
37.000000, -0.229972, 26.260790, 75.277415, 18.750566, 0.024064, 0.053601, 1.014214,
37.100000, -0.227828, 27.011379, 74.757388, 18.897603, 0.031987, 0.056180, 1.012702,
37.200000, -0.218148, 29.271351, 74.696814, 18.852339, 0.025216, 0.045643, 1.027211,
37.300000, -0.201674, 28.065453, 74.683385, 18.821423, 0.030423, 0.047769, 1.043986,
37.400000, -0.219462, 27.597463, 74.690850, 18.904071, 0.032784, 0.056999, 1.043519,
37.500000, -0.259656, 25.593120, 76.301477, 18.977914, 0.028630, 0.050101, 1.041356,
37.600000, -0.237432, 22.003508, 76.526311, 19.673046, 0.030027, 0.050357, 1.023571,
37.700000, -0.283763, 20.266600, 76.584151, 20.825106, 0.038909, 0.049950, 1.020961,
37.800000, -0.261213, 17.410820, 76.546776, 20.840073, 0.019767, 0.052291, 1.039854,
37.900000, -0.224301, 12.330655, 76.545760, 20.671369, 0.021490, 0.047151, 1.043327,
38.000000, -0.315936, 8.168975, 76.599735, 21.478575, 0.027491, 0.047333, 1.027751,
38.100000, -0.306209, 7.006570, 76.039078, 21.360213, 0.036742, 0.042938, 1.037896,
38.200000, -0.301995, 5.554365, 75.932861, 20.895904, 0.035808, 0.043718, 1.010601,
38.300000, -0.249110, 6.725598, 75.913608, 20.681953, 0.032078, 0.042766, 1.012656,
38.400000, -0.300592, 5.654016, 75.970008, 21.214408, 0.035559, 0.040549, 1.032356,
38.500000, -0.241862, 8.020599, 77.556364, 20.783068, 0.033307, 0.046387, 1.046301,
38.600000, -0.207042, 9.261980, 77.221469, 20.205909, 0.029503, 0.041805, 1.050036,
38.700000, -0.190417, 7.685276, 77.135625, 19.775517, 0.033604, 0.053419, 1.053152,
38.800000, -0.240386, 2.537244, 76.595452, 19.419214, 0.031637, 0.044359, 1.016758,
38.900000, -0.231095, 6.950551, 76.522399, 19.728475, 0.025341, 0.045278, 0.988303,
39.000000, -0.210849, 8.061623, 76.522834, 20.106589, 0.021021, 0.047120, 1.017853,
39.100000, -0.197210, 10.866034, 78.624853, 20.586073, 0.027262, 0.049869, 1.051071,
39.200000, -0.191796, 12.744986, 78.411902, 21.683441, 0.022160, 0.047665, 1.053302,
39.300000, -0.215242, 6.465598, 78.337234, 21.662562, 0.022275, 0.043302, 1.048017,
39.400000, -0.242249, 9.441688, 77.797842, 20.777917, 0.029860, 0.038494, 1.047342,
39.500000, -0.226618, 12.441492, 77.704772, 19.881526, 0.018030, 0.035323, 1.032677,
39.600000, -0.224907, 13.237670, 77.721972, 19.736770, 0.032434, 0.037692, 1.023053,
39.700000, -0.180997, 12.265440, 79.275540, 19.512776, 0.026830, 0.043961, 1.035134,
39.800000, -0.120924, 10.869146, 79.487208, 19.285959, 0.030764, 0.041836, 1.079834,
39.900000, -0.171941, 6.728297, 78.981820, 19.370584, 0.025740, 0.041792, 1.081570,
40.000000, -0.166112, 5.210330, 78.897870, 19.058971, 0.025183, 0.047827, 1.079382,
40.100000, -0.151816, 5.352000, 78.900848, 19.038675, 0.021930, 0.048464, 1.079923,
40.200000, -0.208506, 4.895698, 79.933629, 18.741737, 0.021561, 0.051926, 1.059497,
40.300000, -0.185009, 4.123932, 80.083023, 18.275524, 0.018928, 0.058997, 1.043238,
40.400000, -0.155174, 2.837952, 80.081086, 18.122975, 0.013674, 0.053736, 1.040902,
40.500000, -0.152211, 3.438796, 80.092648, 18.176080, 0.017166, 0.052664, 1.056396,
40.600000, -0.162646, 3.198664, 79.570460, 17.659196, 0.017927, 0.053891, 1.074108,
40.700000, -0.131999, 5.176085, 79.501633, 16.635434, 0.013726, 0.062176, 1.089252,
40.800000, -0.176925, 7.259295, 81.569631, 16.488032, 0.012075, 0.060685, 1.079016,
40.900000, -0.155979, 4.350753, 81.354608, 16.987775, 0.010420, 0.061354, 1.047520,
41.000000, -0.130743, 1.253189, 81.276244, 17.276990, 0.007191, 0.070904, 1.038494,
41.100000, -0.144793, 1.083206, 81.277470, 17.388885, 0.011460, 0.075927, 1.073023,
41.200000, -0.167664, 1.051495, 81.279238, 17.477683, 0.004521, 0.075492, 1.067019,
41.300000, -0.160132, 1.045897, 81.282192, 17.697484, -0.006418, 0.064970, 1.069956,
41.400000, -0.096166, 1.061837, 81.281900, 17.758382, -0.017844, 0.058802, 1.079349,
41.500000, -0.098995, 1.049277, 80.764546, 17.735559, -0.018499, 0.064373, 1.088463,
41.600000, -0.139592, 1.047691, 80.693793, 18.109201, -0.030574, 0.060046, 1.067216,
41.700000, -0.208293, 1.013678, 81.250446, 18.696367, -0.032080, 0.062829, 1.035217,
41.800000, -0.174916, 1.022094, 81.299944, 18.469132, -0.031334, 0.067976, 1.036791,
41.900000, -0.134816, 1.034247, 81.299410, 18.783815, -0.032479, 0.067017, 1.054780,
42.000000, -0.117707, 1.047405, 81.300539, 19.534693, -0.028337, 0.056109, 1.072715,
42.100000, -0.127751, 1.042547, 81.318466, 20.872394, -0.035007, 0.053122, 1.080759,
42.200000, -0.187194, 1.007022, 81.356113, 22.412812, -0.043793, 0.037563, 1.054423,
42.300000, -0.215752, 1.001530, 81.352247, 22.843253, -0.032410, 0.037047, 1.054270,
42.400000, -0.165286, 1.013489, 81.313520, 22.048692, -0.041679, 0.035497, 1.036351,
42.500000, -0.168255, 1.040355, 81.324688, 21.773006, -0.038014, 0.031992, 1.067051,
42.600000, -0.159262, 1.027520, 81.321717, 21.681535, -0.032189, 0.017690, 1.083666,
42.700000, -0.210747, 1.010249, 81.385690, 23.183074, -0.031295, 0.016082, 1.082633,
42.800000, -0.200577, 1.031143, 81.318501, 22.582156, -0.035612, 0.011836, 1.063820,
42.900000, -0.163791, 2.729785, 81.294041, 22.384092, -0.031253, 0.014194, 1.045883,
43.000000, -0.182821, 8.027474, 81.296541, 21.656232, -0.031959, 0.027466, 1.059736,
43.100000, -0.138018, 11.210670, 81.294861, 21.258978, -0.033301, 0.025488, 1.060090,
43.200000, -0.145078, 13.712015, 81.292188, 20.564093, -0.019911, 0.026983, 1.067032,
43.300000, -0.162549, 13.041192, 81.303016, 19.329432, -0.011553, 0.025780, 1.072363,
43.400000, -0.163968, 2.201674, 81.296140, 18.786316, -0.006471, 0.028245, 1.058843,
43.500000, -0.207979, 6.442861, 81.298496, 18.589746, -0.011268, 0.035690, 1.045500,
43.600000, -0.168869, 9.601008, 81.298383, 18.830637, -0.006367, 0.049713, 1.053285,
43.700000, -0.135905, 8.434814, 81.297847, 19.074517, -0.012648, 0.043018, 1.062621,
43.800000, -0.148567, 6.106844, 81.304187, 19.199087, 0.001858, 0.047393, 1.071693,
43.900000, -0.148458, 7.813745, 81.299130, 19.206978, -0.011135, 0.047138, 1.082708,
44.000000, -0.178680, 6.270342, 81.308865, 19.391057, -0.008642, 0.054195, 1.065851,
44.100000, -0.147909, 5.865255, 81.297724, 19.351715, 0.002739, 0.047581, 1.054470,
44.200000, -0.185428, 2.989134, 81.305520, 19.509836, -0.007549, 0.053964, 1.077107,
44.300000, -0.159293, 1.625338, 80.786991, 19.714569, -0.005588, 0.054421, 1.078053,
44.400000, -0.193550, 1.945732, 80.701045, 20.012162, -0.011685, 0.051927, 1.054068,
44.500000, -0.153724, 2.279353, 80.701335, 20.550518, -0.006636, 0.046716, 1.061630,
44.600000, -0.155602, 1.125373, 80.693833, 22.172726, -0.013872, 0.038881, 1.049635,
44.700000, -0.171917, 1.053606, 80.714059, 23.751045, -0.015736, 0.036446, 1.033949,
44.800000, -0.146604, 1.054379, 82.746260, 23.846527, -0.015498, 0.035334, 1.062863,
44.900000, -0.151008, 1.086998, 83.081646, 24.087864, -0.020424, 0.030495, 1.060922,
45.000000, -0.125216, 1.314593, 83.094763, 24.220767, -0.025077, 0.018817, 1.072803,
45.100000, -0.100202, 2.800908, 83.084006, 24.204974, -0.017095, 0.019305, 1.081734,
45.200000, -0.169602, 2.489990, 83.083450, 24.217754, -0.027980, 0.014630, 1.047387,
45.300000, -0.152640, 1.550788, 81.049649, 24.176140, -0.021672, 0.019505, 1.044875,
45.400000, -0.166252, 2.060420, 80.722111, 23.656867, -0.015951, 0.033144, 1.068218,
45.500000, -0.164260, 1.046529, 82.779469, 23.082388, -0.023377, 0.034890, 1.073136,
45.600000, -0.151986, 1.049123, 83.104856, 22.804711, -0.025594, 0.029227, 1.068743,
45.700000, -0.187990, 1.011797, 83.102622, 22.886762, -0.038111, 0.033841, 1.053472,
45.800000, -0.206877, 1.009855, 81.078883, 22.272901, -0.039659, 0.037849, 1.045481,
45.900000, -0.176680, 1.017936, 80.731325, 20.980975, -0.041941, 0.042915, 1.027671,
46.000000, -0.108418, 1.083985, 80.712107, 19.725397, -0.032744, 0.046317, 1.055876,
46.100000, -0.096165, 1.103547, 80.690122, 19.804855, -0.036907, 0.051621, 1.069574,
46.200000, -0.101202, 1.138676, 80.686770, 20.233488, -0.030621, 0.062393, 1.109929,
46.300000, -0.143761, 1.356564, 80.686161, 21.121662, -0.025150, 0.066193, 1.095832,
46.400000, -0.148527, 2.684418, 80.679224, 21.478693, -0.031708, 0.059359, 1.069510,
46.500000, -0.155862, 3.727046, 80.688328, 21.787763, -0.032498, 0.052992, 1.045909,
46.600000, -0.144834, 4.071379, 81.190700, 21.617271, -0.027443, 0.058346, 1.049521,
46.700000, -0.176258, 4.745588, 81.325612, 22.442927, -0.022424, 0.047872, 1.056128,
46.800000, -0.163957, 4.951756, 81.309437, 22.526042, -0.018913, 0.037951, 1.066811,
46.900000, -0.189529, 4.926672, 81.309529, 23.042352, -0.022079, 0.032833, 1.050905,
47.000000, -0.222807, 3.732856, 81.340770, 23.372287, -0.021545, 0.038521, 1.055084,
47.100000, -0.248681, 4.942368, 81.366414, 25.826115, -0.024379, 0.032116, 1.010454,
47.200000, -0.257235, 4.937051, 80.847756, 26.132198, -0.011284, 0.022176, 1.066465,
47.300000, -0.196970, 5.912876, 80.759008, 25.605275, -0.006485, 0.024300, 1.101092,
47.400000, -0.162066, 5.476683, 80.748548, 24.424763, -0.015829, 0.018356, 1.118353,
47.500000, -0.161767, 4.602360, 82.762305, 23.286346, -0.013033, 0.018846, 1.140786,
47.600000, -0.106417, 3.761653, 83.085468, 22.354581, -0.010852, 0.026586, 1.125007,
47.700000, -0.162856, 3.610806, 83.089023, 21.828461, -0.017225, 0.027966, 1.082692,
47.800000, -0.121180, 5.009894, 81.058876, 21.798414, -0.010591, 0.038826, 1.076703,
47.900000, -0.126799, 6.578969, 80.667751, 21.336660, -0.007250, 0.042836, 1.079980,
48.000000, -0.092191, 9.599328, 80.691424, 21.041284, -0.008254, 0.041888, 1.099355,
48.100000, -0.078989, 13.252834, 80.674366, 20.650160, -0.007969, 0.050688, 1.119234,
48.200000, -0.222314, 15.794048, 82.797717, 22.039174, -0.012607, 0.056661, 1.110617,
48.300000, -0.206617, 15.667622, 83.141914, 22.222390, 0.005929, 0.057232, 1.091935,
48.400000, -0.149904, 15.692459, 83.124356, 22.212908, 0.000013, 0.048252, 1.091999,
48.500000, -0.171088, 15.686753, 83.114223, 22.163966, 0.016346, 0.054091, 1.101346,
48.600000, -0.156029, 15.663533, 83.086961, 21.814943, 0.019167, 0.054793, 1.096600,
48.700000, -0.187927, 15.690872, 83.110370, 22.091176, 0.014848, 0.050467, 1.091359,
48.800000, -0.219682, 15.875208, 83.126642, 22.247373, 0.021323, 0.058964, 1.100889,
48.900000, -0.172551, 13.468501, 82.596916, 22.393583, 0.022214, 0.054849, 1.110853,
49.000000, -0.191057, 10.953533, 82.505287, 23.216723, 0.016319, 0.048435, 1.089182,
49.100000, -0.155596, 8.278937, 82.469435, 23.540340, 0.023457, 0.042931, 1.098257,
49.200000, -0.183357, 3.640435, 82.478811, 23.267174, 0.015434, 0.037996, 1.084581,
49.300000, -0.210956, 1.012302, 82.476383, 23.337271, 0.011495, 0.041239, 1.070016,
49.400000, -0.084397, 1.076053, 82.462723, 23.610400, 0.006783, 0.034957, 1.101410,
49.500000, -0.107022, 1.054521, 82.475286, 23.405695, -0.004487, 0.033642, 1.114590,
49.600000, 1.730936, 1.029920, 82.459650, 24.008050, -0.016233, 0.028278, 1.110197,
49.700000, 10.191717, 1.028669, 82.464717, 24.393774, -0.021704, 0.027255, 1.075331,
49.800000, 14.341543, 1.050968, 82.960651, 24.019487, -0.025562, 0.022563, 1.074066,
49.900000, 14.986634, 1.053615, 83.041538, 23.888955, -0.028556, 0.021101, 1.083177,
50.000000, 17.919475, 1.058072, 81.061994, 24.062758, -0.034381, 0.020570, 1.101138,
50.100000, 20.355811, 1.060721, 80.685459, 23.837377, -0.058509, 0.023447, 1.095174,
50.200000, 21.834958, 1.032399, 81.216950, 23.720929, -0.073507, 0.017624, 1.086533,
50.300000, 23.144635, 1.064974, 81.796053, 22.690679, -0.083815, 0.020485, 1.104312,
50.400000, 23.629511, 1.077996, 79.871569, 22.349521, -0.095250, 0.031499, 1.113651,
50.500000, 22.760894, 1.054773, 80.000254, 21.616369, -0.117066, 0.044801, 1.103581,
50.600000, 21.395803, 1.071739, 79.088230, 20.865570, -0.116993, 0.048558, 1.079524,
50.700000, 17.253722, 1.069888, 79.405381, 20.732630, -0.117924, 0.050688, 1.089444,
50.800000, 16.393694, 1.031417, 78.031858, 20.880313, -0.107708, 0.052952, 1.088231,
50.900000, 16.704249, 1.011567, 78.257741, 20.849704, -0.101895, 0.058120, 1.065160,
51.000000, 17.722701, 1.040743, 76.811498, 21.031264, -0.098686, 0.060007, 1.062976,
51.100000, 16.850679, 1.046061, 77.023426, 20.744486, -0.098175, 0.065074, 1.069105,
51.200000, 16.235401, 1.008127, 77.650353, 21.614922, -0.100909, 0.060697, 1.057665,
51.300000, 17.798455, 0.960988, 76.266697, 22.716153, -0.095448, 0.058431, 1.073938,
51.400000, 16.897660, 0.941150, 76.556206, 24.508230, -0.096309, 0.051411, 1.079320,
51.500000, 16.222879, 0.987418, 75.062911, 24.536724, -0.099846, 0.053056, 1.084159,
51.600000, 16.459823, 0.997929, 75.225278, 23.798427, -0.098302, 0.052421, 1.058572,
51.700000, 17.193825, 0.949711, 73.914171, 24.465689, -0.100854, 0.048857, 1.060985,
51.800000, 16.769445, 0.987265, 74.065022, 24.358238, -0.096641, 0.042332, 1.051454,
51.900000, 17.354449, 1.005203, 74.638282, 23.127178, -0.094060, 0.047636, 1.078714,
52.000000, 19.292079, 1.002745, 73.254926, 22.329092, -0.095049, 0.046443, 1.082625,
52.100000, 18.892948, 0.982311, 73.472796, 21.883435, -0.100535, 0.055184, 1.081999,
52.200000, 19.172286, 1.011124, 72.047674, 21.405116, -0.103477, 0.051686, 1.057964,
52.300000, 19.584834, 0.961875, 72.304853, 21.215325, -0.090720, 0.056396, 1.065254,
52.400000, 20.258376, 0.947775, 72.914189, 20.400542, -0.083418, 0.065382, 1.065497,
52.500000, 21.664201, 1.006861, 71.473568, 18.491626, -0.089299, 0.068851, 1.081535,
52.600000, 24.506203, 0.981307, 71.201595, 18.047132, -0.083924, 0.075511, 1.085606,
52.700000, 25.169776, 1.005845, 71.675717, 17.094772, -0.096717, 0.077262, 1.088687,
52.800000, 25.751643, 0.988732, 70.287086, 16.664474, -0.113621, 0.076229, 1.078244,
52.900000, 27.948126, 0.986099, 69.005978, 16.238956, -0.123382, 0.078508, 1.058155,
53.000000, 28.981433, 1.016107, 69.316858, 15.284471, -0.128358, 0.083018, 1.072084,
53.100000, 23.420978, 1.029783, 67.875978, 13.153405, -0.140559, 0.091060, 1.063037,
53.200000, 17.910922, 1.044862, 68.071802, 11.190365, -0.136694, 0.093511, 1.078472,
53.300000, 16.867525, 0.975826, 66.729358, 9.663243, -0.104714, 0.106677, 1.076916,
53.400000, 17.561342, 0.952858, 66.936305, 8.759704, -0.114612, 0.106363, 1.057239,
53.500000, 20.357884, 0.970404, 66.034538, 6.577890, -0.099940, 0.126194, 1.054749,
53.600000, 19.186171, 0.998193, 66.289204, 3.748804, -0.106662, 0.130392, 1.055142,
53.700000, 15.962838, 1.010065, 64.913876, 0.851510, -0.102677, 0.146268, 1.084097,
53.800000, 13.524803, 1.036174, 65.119623, -1.984479, -0.102003, 0.163232, 1.085621,
53.900000, 10.479348, 1.010538, 65.702114, -3.802426, -0.076970, 0.179538, 1.077253,
54.000000, 4.091482, 0.992321, 64.315698, -4.272799, -0.075580, 0.183146, 1.064864,
54.100000, -0.149317, 1.019830, 64.015677, -4.305461, -0.039158, 0.199542, 1.074226,
54.200000, -0.152347, 1.018736, 64.510329, -4.643453, -0.029461, 0.200725, 1.074220,
54.300000, -0.133810, 1.045664, 64.591754, -4.870559, -0.028212, 0.205500, 1.075319,
54.400000, -0.166118, 2.990785, 63.072336, -7.248657, -0.027122, 0.211858, 1.067665,
54.500000, -0.142624, 4.883696, 62.782607, -7.181093, -0.019569, 0.211934, 1.070319,
54.600000, -0.140154, 7.864664, 63.321422, -7.480669, -0.014833, 0.209036, 1.077849,
54.700000, -0.152582, 10.653581, 63.400243, -7.441966, -0.006143, 0.217119, 1.082571,
54.800000, -0.153587, 9.852713, 63.417804, -7.583839, -0.006743, 0.213000, 1.090955,
54.900000, -0.262091, 8.131884, 63.490738, -7.415782, 0.002134, 0.214366, 1.087417,
55.000000, -0.218097, 9.166082, 63.486689, -9.961878, 0.003206, 0.206274, 1.090593,
55.100000, -0.288910, 10.612261, 62.473994, -12.912597, -0.002183, 0.242001, 1.049473,
55.200000, -0.219481, 10.580118, 62.263638, -14.822772, 0.008685, 0.234355, 1.085420,
55.300000, -0.293625, 11.609000, 62.300275, -15.224176, 0.015462, 0.244306, 1.046692,
55.400000, -0.182552, 13.702621, 62.246669, -14.842829, 0.007484, 0.240177, 1.073994,
55.500000, -0.169113, 15.198916, 62.219992, -14.329501, 0.011916, 0.235998, 1.069444,
55.600000, -0.130751, 16.495929, 62.215706, -13.298395, 0.014505, 0.235250, 1.094813,
55.700000, -0.194637, 17.309438, 62.229864, -12.656759, 0.019652, 0.232889, 1.093062,
55.800000, -0.200161, 17.845284, 62.231223, -12.513650, 0.026092, 0.229828, 1.108102,
55.900000, -0.221761, 16.802524, 62.245333, -13.254222, 0.027691, 0.220939, 1.085487,
56.000000, -0.244077, 10.676528, 62.732669, -16.301010, 0.020802, 0.221405, 1.073982,
56.100000, -0.202320, 8.059895, 62.800231, -20.456381, 0.027359, 0.230701, 1.052496,
56.200000, -0.155498, 7.775021, 62.794653, -23.327043, 0.027771, 0.245040, 1.067098,
56.300000, -0.161310, 9.799370, 62.805639, -25.447051, 0.026078, 0.268304, 1.075963,
56.400000, -0.135590, 13.054801, 62.785711, -26.367055, 0.022958, 0.288715, 1.098518,
56.500000, -0.209481, 11.033880, 62.793057, -27.936563, 0.024012, 0.301583, 1.095980,
56.600000, -0.214601, 9.516131, 62.809274, -29.712778, 0.019994, 0.292074, 1.081180,
56.700000, -0.214804, 8.185933, 62.799452, -30.275353, 0.030729, 0.309382, 1.094421,
56.800000, -0.122515, 9.324407, 62.804311, -26.896534, 0.025537, 0.277443, 1.106516,
56.900000, -0.234290, 9.072447, 62.810923, -20.924301, 0.027829, 0.301373, 1.058842,
57.000000, -0.272988, 8.453918, 62.836731, -17.437616, 0.014340, 0.281097, 1.064859,
57.100000, -0.250393, 7.179019, 62.774228, -17.499557, 0.024389, 0.266837, 0.985203,
57.200000, -0.170778, 6.985603, 60.821893, -17.804922, 0.024206, 0.229047, 1.046301,
57.300000, -0.183665, 5.086407, 60.419104, -19.476802, 0.023319, 0.225861, 1.068757,
57.400000, -0.087508, 4.380651, 62.352803, -22.425456, 0.025040, 0.230736, 1.133740,
57.500000, -0.097891, 4.233173, 62.756566, -27.013550, 0.027527, 0.251292, 1.140100,
57.600000, -0.124571, 2.149068, 62.750360, -30.130812, 0.014928, 0.261721, 1.128156,
57.700000, -0.127177, 1.244069, 62.756915, -32.483074, 0.018161, 0.277038, 1.103835,
57.800000, -0.130840, 1.094022, 62.748740, -33.902537, 0.019546, 0.298954, 1.091406,
57.900000, -0.110936, 1.084423, 60.805309, -34.934970, 0.006179, 0.312887, 1.073220,
58.000000, -0.110070, 1.089833, 60.399270, -37.070439, 0.000303, 0.332557, 1.087588,
58.100000, -0.072661, 1.083734, 60.391129, -38.264940, 0.005329, 0.341393, 1.101234,
58.200000, -0.092212, 1.061100, 60.360454, -37.686398, 0.005474, 0.343689, 1.114186,
58.300000, -0.092276, 1.510648, 60.410886, -36.903932, 0.000464, 0.339935, 1.123297,
58.400000, -0.101360, 3.516993, 60.887796, -35.602546, 0.001657, 0.337407, 1.111290,
58.500000, -0.078910, 6.079315, 60.993283, -34.823704, 0.002578, 0.332750, 1.107668,
58.600000, -0.081374, 7.084987, 60.985735, -34.361603, 0.005110, 0.335001, 1.096083,
58.700000, -0.100328, 6.200611, 60.995226, -34.453933, 0.000773, 0.330095, 1.082816,
58.800000, -0.112235, 5.343583, 61.485948, -34.383427, -0.001150, 0.324017, 1.090633,
58.900000, -0.037954, 5.865309, 61.580402, -34.464186, 0.006899, 0.317930, 1.098902,
59.000000, -0.099763, 7.638241, 61.586361, -34.135541, 0.003900, 0.314596, 1.114704,
59.100000, -0.051417, 12.840685, 60.126557, -33.722654, 0.002797, 0.308748, 1.112298,
59.200000, -0.120511, 17.253331, 59.810916, -32.864941, 0.005830, 0.304120, 1.104114,
59.300000, -0.136338, 20.751148, 59.823604, -31.588590, 0.016217, 0.305576, 1.108210,
59.400000, -0.109113, 22.364720, 59.804625, -30.772973, 0.029801, 0.305268, 1.101966,
59.500000, -0.101835, 24.766957, 59.813190, -30.205991, 0.035952, 0.303910, 1.104963,
59.600000, -0.110564, 26.960775, 59.813897, -30.313471, 0.043122, 0.296765, 1.093091,
59.700000, -0.135952, 28.218234, 59.813301, -31.099600, 0.049757, 0.294538, 1.089452,
59.800000, -0.121011, 27.567373, 59.814803, -32.885003, 0.056395, 0.304656, 1.101776,
59.900000, -0.102680, 27.093177, 59.800555, -34.623429, 0.056926, 0.311310, 1.098239,
60.000000, -0.121917, 27.696942, 59.819326, -35.064300, 0.051113, 0.308275, 1.092464,
60.100000, -0.109804, 28.627312, 59.810858, -35.415848, 0.050667, 0.316638, 1.091595,
60.200000, -0.117364, 29.815396, 61.255655, -35.713227, 0.055036, 0.334248, 1.086316,
60.300000, -0.148720, 30.809808, 61.579676, -36.340936, 0.051309, 0.332312, 1.085046,
60.400000, -0.107762, 32.212270, 61.562380, -35.908903, 0.058244, 0.334170, 1.083785,
60.500000, -0.121357, 32.568522, 61.582560, -34.584486, 0.063460, 0.334614, 1.097346,
60.600000, -0.131270, 33.539847, 61.088180, -33.799653, 0.062406, 0.334689, 1.097292,
60.700000, -0.133042, 33.760805, 60.985340, -33.611392, 0.065007, 0.332345, 1.096832,
60.800000, -0.148507, 34.307110, 60.996351, -33.114941, 0.065542, 0.331187, 1.103616,
60.900000, -0.146689, 32.055501, 60.973560, -31.876332, 0.073297, 0.323317, 1.088111,
61.000000, -0.131240, 30.196750, 60.506560, -29.349401, 0.076263, 0.317019, 1.091637,
61.100000, -0.099916, 27.666229, 60.403262, -28.104368, 0.080635, 0.298900, 1.079140,
61.200000, -0.106393, 29.564454, 60.417784, -28.403135, 0.079251, 0.283196, 1.104143,
61.300000, -0.090438, 32.239035, 62.332548, -30.016451, 0.085876, 0.291056, 1.111632,
61.400000, -0.080346, 32.292142, 62.279152, -33.444272, 0.087498, 0.296936, 1.114679,
61.500000, -0.153024, 29.360017, 62.184030, -36.657538, 0.086456, 0.323942, 1.110838,
61.600000, -0.116655, 27.377235, 62.152397, -38.680536, 0.089472, 0.341966, 1.094710,
61.700000, -0.132895, 25.007853, 61.706783, -39.923857, 0.088120, 0.349442, 1.100674,
61.800000, -0.113368, 21.747515, 63.014553, -39.686135, 0.081085, 0.353012, 1.089934,
61.900000, -0.145968, 20.321586, 63.350237, -38.808959, 0.081768, 0.360377, 1.108973,
62.000000, -0.225805, 22.860928, 63.406111, -37.695661, 0.082069, 0.366957, 1.102694,
62.100000, -0.229831, 23.650689, 63.470136, -36.562183, 0.076787, 0.359097, 1.106848,
62.200000, -0.234346, 22.605773, 62.947595, -33.344345, 0.081625, 0.351156, 1.084493,
62.300000, -0.255670, 20.869168, 62.815885, -31.631247, 0.079245, 0.347303, 1.082814,
62.400000, -0.262666, 19.472610, 62.807366, -30.996850, 0.086232, 0.343988, 1.076588,
62.500000, -0.295549, 18.211642, 62.854140, -28.543966, 0.081610, 0.329564, 1.082985,
62.600000, -0.291817, 16.741586, 62.851038, -27.205314, 0.075942, 0.319406, 1.067985,
62.700000, -0.313649, 14.751759, 64.319666, -26.119293, 0.079534, 0.316570, 1.081234,
62.800000, -0.263254, 15.628575, 64.651307, -25.663848, 0.082511, 0.301135, 1.082547,
62.900000, -0.262271, 16.403495, 64.162005, -25.761832, 0.083616, 0.295719, 1.094634,
63.000000, -0.262587, 16.145256, 64.025445, -25.744220, 0.080235, 0.293693, 1.092877,
63.100000, -0.271344, 14.114492, 64.029191, -24.936025, 0.086962, 0.293204, 1.092745,
63.200000, -0.315961, 12.203402, 63.568427, -23.591474, 0.080399, 0.294440, 1.053252,
63.300000, -0.360746, 10.317450, 63.477017, -23.324287, 0.080040, 0.294831, 1.029327,
63.400000, -0.370573, 8.308077, 63.485981, -23.857243, 0.078793, 0.294073, 1.011398,
63.500000, -0.310986, 6.272137, 65.394413, -24.543286, 0.066436, 0.291142, 1.038189,
63.600000, -0.238291, 1.517880, 65.825753, -24.784497, 0.060778, 0.292879, 1.066680,
63.700000, -0.260699, 0.968569, 65.376586, -24.650282, 0.043152, 0.306891, 1.085153,
63.800000, -0.273705, 0.963376, 65.258710, -24.592093, 0.005269, 0.315852, 1.092390,
63.900000, -0.227331, 0.956037, 65.285498, -24.005641, -0.015044, 0.308783, 1.082488,
64.000000, 2.690551, 0.989486, 65.720040, -23.462589, -0.031638, 0.301773, 1.097074,
64.100000, 5.629215, 1.010622, 63.875561, -22.817407, -0.020309, 0.300058, 1.092005,
64.200000, 10.214648, 0.982322, 63.510932, -20.887396, -0.024278, 0.289143, 1.103190,
64.300000, 13.762711, 0.964416, 63.972451, -20.337455, -0.020180, 0.292986, 1.085093,
64.400000, 17.334329, 0.992080, 64.064668, -19.279460, -0.021969, 0.279658, 1.073802,
64.500000, 16.636544, 0.959731, 64.063141, -16.652545, -0.029088, 0.264522, 1.072581,
64.600000, 16.902629, 0.973933, 64.528252, -15.010081, -0.057642, 0.251872, 1.074729,
64.700000, 18.317365, 0.987736, 63.227034, -12.629865, -0.048302, 0.233183, 1.078261,
64.800000, 18.437241, 0.983948, 62.879063, -9.973239, -0.072494, 0.222823, 1.082349,
64.900000, 18.920893, 1.026684, 63.349316, -8.114544, -0.089546, 0.203602, 1.077305,
65.000000, 21.240576, 0.975123, 62.045834, -6.732121, -0.079843, 0.196671, 1.071586,
65.100000, 22.321681, 0.952644, 62.180737, -5.380947, -0.082969, 0.176888, 1.072695,
65.200000, 24.551679, 0.961312, 60.880092, -4.882372, -0.085500, 0.163562, 1.075355,
65.300000, 25.537585, 0.993556, 60.956910, -5.158843, -0.095193, 0.159473, 1.073995,
65.400000, 26.163068, 1.047910, 61.040759, -5.158463, -0.112447, 0.154323, 1.090138,
65.500000, 27.027439, 1.002035, 60.092592, -4.494907, -0.128263, 0.144836, 1.064261,
65.600000, 27.003163, 1.020182, 60.374116, -3.250527, -0.142414, 0.142286, 1.066231,
65.700000, 26.007865, 0.983451, 59.542944, -1.036069, -0.140854, 0.141053, 1.040265,
65.800000, 23.294254, 1.046384, 59.760797, 0.767975, -0.141607, 0.121406, 1.100359,
65.900000, 19.281952, 1.023450, 58.418977, 1.983354, -0.139091, 0.122990, 1.062389,
66.000000, 20.071477, 1.022667, 58.552374, 2.557383, -0.129826, 0.113705, 1.061970,
66.100000, 22.503608, 1.008118, 57.212932, 3.704179, -0.124554, 0.098576, 1.049003,
66.200000, 24.326727, 1.015526, 57.387553, 5.070797, -0.112537, 0.093452, 1.054178,
66.300000, 23.608365, 1.043046, 56.057270, 5.623520, -0.113448, 0.091194, 1.073948,
66.400000, 18.604919, 1.055586, 56.160113, 5.152135, -0.118292, 0.082804, 1.077735,
66.500000, 19.108236, 1.060909, 55.307987, 5.019490, -0.106207, 0.083774, 1.079943,
66.600000, 22.035316, 1.015903, 55.085038, 5.192624, -0.102087, 0.083902, 1.067829,
66.700000, 20.905849, 1.008098, 53.711106, 6.073377, -0.106444, 0.089560, 1.064842,
66.800000, 18.672894, 1.022640, 53.774424, 6.892740, -0.109514, 0.087436, 1.058329,
66.900000, 17.140707, 1.026875, 52.943212, 7.278970, -0.108130, 0.084317, 1.048421,
67.000000, 16.441586, 1.025487, 53.186521, 7.879141, -0.098052, 0.080611, 1.050071,
67.100000, 18.060590, 0.959091, 53.396553, 9.811192, -0.099560, 0.073397, 1.072404,
67.200000, 15.526292, 0.980119, 51.925987, 10.346348, -0.102002, 0.072222, 1.067889,
67.300000, 14.111784, 1.018561, 52.011570, 10.755793, -0.095066, 0.064493, 1.070038,
67.400000, 13.201308, 0.990575, 52.612819, 11.726299, -0.085724, 0.065213, 1.074662,
67.500000, 12.666986, 0.974659, 51.337494, 12.962266, -0.076502, 0.064588, 1.058315,
67.600000, 12.447529, 1.002795, 50.971060, 13.909474, -0.078421, 0.060897, 1.058773,
67.700000, 11.645664, 1.014524, 50.023957, 14.679153, -0.075562, 0.050146, 1.070631,
67.800000, 10.984769, 1.011362, 49.755765, 15.157248, -0.072013, 0.050938, 1.070035,
67.900000, 9.700058, 0.970726, 50.239497, 16.109188, -0.067600, 0.047651, 1.072798,
68.000000, 5.906455, 1.003596, 50.345407, 16.869084, -0.063197, 0.045952, 1.073106,
68.100000, 0.276701, 0.951213, 48.997463, 18.492796, -0.036198, 0.043302, 1.063708,
68.200000, -0.300257, 0.988716, 49.063480, 18.434657, -0.021247, 0.040799, 1.077084,
68.300000, -0.296112, 1.006731, 49.159398, 17.573297, -0.016515, 0.041345, 1.081408,
68.400000, -0.313613, 1.419428, 49.166687, 18.382370, -0.016277, 0.037845, 1.059916,
68.500000, -0.285923, 2.453609, 49.638525, 20.606934, -0.017479, 0.039844, 1.063099,
68.600000, -0.234645, 3.051915, 49.751448, 22.726967, -0.013822, 0.028824, 1.086958,
68.700000, -0.252796, 3.061982, 49.752577, 23.509995, -0.011948, 0.018104, 1.075842,
68.800000, -0.252518, 3.078931, 49.748162, 23.671002, -0.016389, 0.024845, 1.081971,
68.900000, -0.313993, 1.717313, 47.925259, 22.606953, -0.017797, 0.026275, 1.106115,
69.000000, -0.330396, 0.970819, 47.853420, 20.960077, -0.012742, 0.020565, 1.038079,
69.100000, -0.299579, 0.961524, 47.955653, 19.726149, -0.014987, 0.035251, 1.050911,
69.200000, -0.275275, 0.962588, 48.456889, 20.361633, -0.013934, 0.029110, 1.023235,
69.300000, -0.257111, 0.964450, 48.588949, 20.234655, -0.016056, 0.047939, 1.038771,
69.400000, 1.938791, 0.986805, 48.579173, 20.400716, -0.012430, 0.042349, 1.055779,
69.500000, 9.111307, 1.011564, 46.656394, 19.940784, -0.012734, 0.042336, 1.061217,
69.600000, 13.413460, 0.932230, 46.232153, 21.131045, -0.013792, 0.040327, 1.084034,
69.700000, 13.329765, 0.961593, 46.216416, 20.982608, -0.014705, 0.033349, 1.065751,
69.800000, 14.108278, 1.028402, 46.654430, 20.663418, -0.015425, 0.042233, 1.089778,
69.900000, 15.485060, 1.019252, 46.775046, 21.703880, -0.013673, 0.034927, 1.060985,
70.000000, 17.938026, 0.968326, 46.803505, 22.179704, -0.024112, 0.042912, 1.070042,
70.100000, 18.881993, 1.012309, 46.783646, 20.901955, -0.047305, 0.040557, 1.072162,
70.200000, 19.064993, 1.014807, 47.216399, 20.568996, -0.064816, 0.034642, 1.054161,
70.300000, 17.796049, 1.026730, 45.920078, 20.583314, -0.073692, 0.033428, 1.062587,
70.400000, 17.803221, 1.058404, 45.551461, 20.542989, -0.072789, 0.033957, 1.071769,
70.500000, 14.739430, 1.025905, 46.026772, 20.715778, -0.073125, 0.038488, 1.063958,
70.600000, 12.599018, 1.017840, 44.746678, 20.562657, -0.068669, 0.042781, 1.060206,
70.700000, 12.646032, 1.043528, 44.827917, 20.614860, -0.065665, 0.046157, 1.062398,
70.800000, 13.089739, 1.027102, 44.950036, 20.342289, -0.059706, 0.042010, 1.067403,
70.900000, 13.707243, 1.027519, 45.420576, 20.669190, -0.059900, 0.042871, 1.068504,
71.000000, 16.048335, 1.043703, 43.671475, 20.842957, -0.053910, 0.037306, 1.077419,
71.100000, 17.787105, 1.030653, 43.639452, 20.879564, -0.056457, 0.039439, 1.067381,
71.200000, 17.529886, 1.023211, 43.757268, 20.857883, -0.066308, 0.035482, 1.061186,
71.300000, 15.527175, 1.043427, 42.821948, 20.814370, -0.067962, 0.040407, 1.068454,
71.400000, 14.996268, 1.044803, 42.561076, 20.709556, -0.066953, 0.044973, 1.070443,
71.500000, 14.746048, 1.042521, 43.048091, 20.717069, -0.065232, 0.040191, 1.060996,
71.600000, 15.716040, 1.022529, 43.185868, 20.649735, -0.066346, 0.044309, 1.069150,
71.700000, 16.508331, 1.048946, 41.756834, 20.320228, -0.065973, 0.045440, 1.062966,
71.800000, 16.793585, 1.053999, 41.858889, 20.255415, -0.067871, 0.041347, 1.062131,
71.900000, 18.747182, 1.010797, 42.439965, 20.250128, -0.067010, 0.043453, 1.066149,
72.000000, 20.695530, 1.048883, 40.698102, 20.201884, -0.064828, 0.042476, 1.072409,
72.100000, 22.388278, 1.022936, 40.657740, 20.352764, -0.069231, 0.046664, 1.065263,
72.200000, 22.923549, 1.022118, 40.783791, 20.412152, -0.078182, 0.040894, 1.062235,
72.300000, 19.489118, 1.048503, 39.859757, 20.394050, -0.087313, 0.042022, 1.071212,
72.400000, 16.338443, 1.028853, 39.612888, 20.400558, -0.095090, 0.041234, 1.071359,
72.500000, 14.815764, 1.041495, 40.091142, 20.351159, -0.082743, 0.044803, 1.067004,
72.600000, 14.021519, 1.030966, 38.798360, 20.095170, -0.076716, 0.041481, 1.064204,
72.700000, 11.451289, 1.033478, 38.894476, 20.235906, -0.067571, 0.048363, 1.073434,
72.800000, 10.120470, 1.021009, 39.035708, 20.479132, -0.056996, 0.043128, 1.063818,
72.900000, 12.446957, 1.008404, 37.613847, 20.563788, -0.047251, 0.045873, 1.068654,
73.000000, 14.737736, 0.997276, 37.217211, 20.548570, -0.039440, 0.044685, 1.060362,
73.100000, 15.897295, 1.000450, 37.682847, 20.446762, -0.047701, 0.043750, 1.064413,
73.200000, 16.863318, 1.035576, 37.795836, 20.016379, -0.052489, 0.046852, 1.067781,
73.300000, 19.733806, 1.042717, 36.867928, 20.234293, -0.054240, 0.044442, 1.065940,
73.400000, 22.402469, 1.048536, 36.595964, 20.240980, -0.063596, 0.046003, 1.054013,
73.500000, 23.291058, 1.057087, 36.589331, 20.125183, -0.072055, 0.047092, 1.073680,
73.600000, 23.808444, 1.050785, 37.065668, 19.926073, -0.091142, 0.048071, 1.060634,
73.700000, 24.898768, 1.065072, 35.782040, 19.934603, -0.104093, 0.047711, 1.074490,
73.800000, 24.144408, 1.067033, 35.861641, 20.261734, -0.112203, 0.046089, 1.061424,
73.900000, 25.525665, 1.052868, 36.450225, 20.047171, -0.108411, 0.042158, 1.066599,
74.000000, 26.134097, 1.061379, 35.174278, 20.740908, -0.113448, 0.046141, 1.068512,
74.100000, 26.173129, 1.084037, 35.257359, 21.632979, -0.116836, 0.046688, 1.069018,
74.200000, 26.960410, 1.073139, 33.973706, 22.763940, -0.125053, 0.033441, 1.071068,
74.300000, 28.692114, 1.058937, 34.069055, 23.158673, -0.125786, 0.046659, 1.073686,
74.400000, 29.900552, 1.046051, 32.825137, 23.422133, -0.136960, 0.032381, 1.062664,
74.500000, 30.886735, 1.076271, 32.888513, 23.004512, -0.145593, 0.043370, 1.075462,
74.600000, 31.270982, 1.057781, 32.092564, 22.718195, -0.151230, 0.038450, 1.080624,
74.700000, 29.172160, 1.087314, 32.309547, 22.408564, -0.161667, 0.043317, 1.064989,
74.800000, 29.939699, 1.027190, 31.079160, 22.115053, -0.164798, 0.044559, 1.064383,
74.900000, 28.932392, 1.045686, 29.732097, 21.480624, -0.164054, 0.038174, 1.063603,
75.000000, 21.332729, 1.054780, 29.942335, 21.794603, -0.166474, 0.048249, 1.075395,
75.100000, 17.289842, 1.012745, 28.710829, 22.792528, -0.135138, 0.037916, 1.073015,
75.200000, 17.830363, 1.014975, 29.201159, 24.304550, -0.118527, 0.048984, 1.062862,
75.300000, 21.296786, 1.027044, 28.069990, 26.746134, -0.113894, 0.034332, 1.062122,
75.400000, 23.301145, 1.033971, 28.138544, 27.207791, -0.115681, 0.031631, 1.068378,
75.500000, 23.338274, 1.009022, 26.917162, 27.554998, -0.123187, 0.039351, 1.081571,
75.600000, 19.730016, 1.037710, 26.971720, 27.329038, -0.124214, 0.035210, 1.069924,
75.700000, 17.531358, 1.047976, 26.152236, 27.332481, -0.123768, 0.037743, 1.065284,
75.800000, 16.474514, 1.062431, 26.351195, 27.908603, -0.112351, 0.037430, 1.066242,
75.900000, 14.425964, 1.068796, 24.613225, 27.527948, -0.112556, 0.035676, 1.070149,
76.000000, 13.244417, 1.046667, 24.535983, 27.925222, -0.088856, 0.037166, 1.061441,
76.100000, 13.070860, 1.022188, 23.374155, 28.955072, -0.079279, 0.036850, 1.070547,
76.200000, 15.864782, 1.036258, 23.388629, 28.702120, -0.073255, 0.033875, 1.075446,
76.300000, 16.168547, 1.049843, 23.957498, 29.652995, -0.073561, 0.041354, 1.068970,
76.400000, 14.444646, 1.081355, 22.695568, 31.489466, -0.075758, 0.034214, 1.061797,
76.500000, 13.969792, 1.027576, 22.343697, 34.232624, -0.072381, 0.029292, 1.065668,
76.600000, 14.216549, 1.004491, 22.793244, 35.853309, -0.071593, 0.023290, 1.069181,
76.700000, 15.689075, 1.030262, 21.542308, 36.146123, -0.065984, 0.027022, 1.070146,
76.800000, 20.509443, 0.997461, 21.627221, 36.311111, -0.070885, 0.035334, 1.067080,
76.900000, 22.332271, 0.934219, 21.860664, 36.826830, -0.077808, 0.021576, 1.062066,
77.000000, 22.153110, 0.983826, 20.445555, 35.943902, -0.094739, 0.034645, 1.069133,
77.100000, 20.475991, 0.976753, 20.515016, 35.029593, -0.102730, 0.029169, 1.067679,
77.200000, 15.062462, 0.999135, 20.604856, 32.897951, -0.103715, 0.040484, 1.070102,
77.300000, 11.695453, 0.990754, 19.662400, 29.976377, -0.086632, 0.042471, 1.062276,
77.400000, 9.089705, 1.010946, 19.381300, 24.915428, -0.057754, 0.048709, 1.063778,
77.500000, 3.281740, 1.041875, 19.820281, 18.459204, -0.053331, 0.055844, 1.062972,
77.600000, -0.085289, 1.028579, 18.565065, 13.982472, -0.003924, 0.053321, 1.069131,
77.700000, -0.145199, 1.023236, 18.160525, 14.032675, -0.011929, 0.058916, 1.067684,
77.800000, -0.162205, 2.306513, 18.657008, 15.857114, -0.000748, 0.063113, 1.064682,
77.900000, -0.100005, 3.522354, 18.744228, 15.203316, -0.008500, 0.058666, 1.067266,
78.000000, -0.160894, 3.595159, 18.759571, 15.511516, 0.002735, 0.058722, 1.067544,
78.100000, -0.241287, 4.400508, 18.802775, 16.175228, 0.000701, 0.053677, 1.054543,
78.200000, -0.133288, 5.087110, 18.718465, 15.907080, 0.007214, 0.050039, 1.057580,
78.300000, -0.179072, 6.394554, 18.764484, 16.997330, 0.006169, 0.052752, 1.066022,
78.400000, -0.113319, 7.719495, 19.199677, 17.127410, 0.010955, 0.050076, 1.067097,
78.500000, -0.130233, 7.718664, 19.349504, 18.529860, 0.029362, 0.055986, 1.064020,
78.600000, -0.216088, 7.268529, 19.387558, 20.247144, 0.026811, 0.053118, 1.060505,
78.700000, -0.294041, 6.646274, 19.466625, 21.830912, 0.033472, 0.049973, 1.062866,
78.800000, -0.221211, 6.470885, 18.904652, 21.159311, 0.043114, 0.049671, 1.055892,
78.900000, -0.161559, 6.209976, 18.711421, 21.639186, 0.037228, 0.049186, 1.056468,
79.000000, -0.161270, 6.183096, 18.751802, 22.552354, 0.040398, 0.049512, 1.063400,
79.100000, -0.186720, 6.708901, 18.756719, 23.658328, 0.047438, 0.051663, 1.070082,
79.200000, -0.202980, 7.324882, 18.724602, 25.466888, 0.042311, 0.049543, 1.062567,
79.300000, -0.210427, 5.868431, 18.721166, 28.548313, 0.042313, 0.044055, 1.058526,
79.400000, -0.260509, 3.952194, 18.775080, 31.398710, 0.047486, 0.037786, 1.053605,
79.500000, -0.203703, 6.120689, 18.270082, 31.143905, 0.042000, 0.039862, 1.058661,
79.600000, -0.222239, 7.959646, 18.159086, 29.966715, 0.043547, 0.029299, 1.061579,
79.700000, -0.170431, 8.547653, 18.101757, 26.206693, 0.044486, 0.045575, 1.063212,
79.800000, -0.165888, 8.948453, 19.474573, 21.797248, 0.039326, 0.058587, 1.063580,
79.900000, -0.153212, 8.885314, 19.896157, 19.856462, 0.051244, 0.048963, 1.070637,
80.000000, -0.239457, 6.236795, 19.934375, 19.802250, 0.048238, 0.065372, 1.060864,
80.100000, -0.237829, 4.834975, 19.945862, 19.874623, 0.048303, 0.056815, 1.051496,
80.200000, -0.224912, 5.482130, 19.920617, 19.535466, 0.048744, 0.051760, 1.061817,
80.300000, -0.322218, 7.494607, 19.556058, 20.547547, 0.046586, 0.049927, 1.063761,
80.400000, -0.253748, 4.942901, 19.320590, 19.358946, 0.047245, 0.052388, 1.063372,
80.500000, -0.310383, 4.898845, 19.371909, 20.028164, 0.042623, 0.066087, 1.069797,
80.600000, -0.268388, 5.878576, 19.337008, 19.546910, 0.046822, 0.050446, 1.061167,
80.700000, -0.196467, 7.472870, 19.267830, 18.378457, 0.042927, 0.055737, 1.054650,
80.800000, -0.296064, 7.252000, 19.315386, 18.365246, 0.043691, 0.055706, 1.057420,
80.900000, -0.183071, 7.634416, 20.609759, 16.980187, 0.045211, 0.068294, 1.075211,
81.000000, -0.207427, 8.392740, 21.065457, 17.096742, 0.044214, 0.056392, 1.069087,
81.100000, -0.196898, 8.517250, 20.603992, 16.477566, 0.046281, 0.053643, 1.051945,
81.200000, -0.219637, 8.852097, 20.461676, 15.451534, 0.048739, 0.076405, 1.050586,
81.300000, -0.226297, 9.137230, 20.482725, 14.860739, 0.052535, 0.064954, 1.086756,
81.400000, -0.214411, 9.733247, 20.470349, 13.262370, 0.052764, 0.059323, 1.075273,
81.500000, -0.314736, 9.856657, 20.486861, 11.883842, 0.056509, 0.055341, 1.034235,
81.600000, -0.275053, 10.498273, 20.463117, 11.450918, 0.055828, 0.050639, 1.034828,
81.700000, -0.224509, 12.619704, 20.032839, 13.063163, 0.026394, 0.060565, 1.071943,
81.800000, -0.231114, 12.392952, 19.892512, 14.867646, 0.031282, 0.067970, 1.078016,
81.900000, -0.219131, 8.367720, 19.853128, 16.854735, 0.047331, 0.070329, 1.058864,
82.000000, -0.199843, 9.712200, 21.646697, 17.252257, 0.054366, 0.049972, 1.049740,
82.100000, -0.234655, 7.858243, 22.256885, 18.069531, 0.054103, 0.030688, 1.044752,
82.200000, -0.157107, 5.863274, 21.751126, 16.679611, 0.061321, 0.044985, 1.065502,
82.300000, -0.167922, 5.865160, 21.625478, 17.369283, 0.061557, 0.064817, 1.064848,
82.400000, -0.114264, 4.914339, 21.604390, 18.322658, 0.074484, 0.072531, 1.075761,
82.500000, -0.098258, 4.056883, 21.135676, 17.922073, 0.069177, 0.055168, 1.066191,
82.600000, -0.077355, 2.208855, 20.974195, 17.148173, 0.059178, 0.063432, 1.056894,
82.700000, -0.080773, 1.085969, 22.331451, 15.952540, 0.064805, 0.056982, 1.064243,
82.800000, -0.151497, 1.026512, 22.816908, 13.889319, 0.054773, 0.061214, 1.055238,
82.900000, -0.192692, 1.018801, 22.859846, 11.819330, 0.038033, 0.070415, 1.074403,
83.000000, 1.968741, 0.999771, 22.864602, 9.991362, 0.042786, 0.066394, 1.072218,
83.100000, 10.579583, 0.992965, 22.405629, 8.908547, 0.033630, 0.077707, 1.060528,
83.200000, 12.368727, 0.975502, 22.322451, 9.408518, 0.020013, 0.079992, 1.057830,
83.300000, 14.930869, 1.010487, 22.277734, 7.823543, 0.018834, 0.079018, 1.057257,
83.400000, 16.444872, 1.042225, 22.237428, 5.170742, 0.005666, 0.073528, 1.077545,
83.500000, 17.201481, 1.086136, 22.631141, 3.470320, -0.010862, 0.062587, 1.055712,
83.600000, 18.480733, 1.083787, 22.761464, 4.491139, -0.017150, 0.076607, 1.051113,
83.700000, 20.457807, 1.082962, 22.773932, 6.343359, -0.038510, 0.066200, 1.061627,
83.800000, 19.826313, 1.094221, 22.764042, 7.702355, -0.038801, 0.068917, 1.068207,
83.900000, 17.111195, 1.065699, 21.471679, 10.163503, -0.059926, 0.067292, 1.070850,
84.000000, 14.873272, 1.080920, 21.496163, 9.400320, -0.066783, 0.061855, 1.066009,
84.100000, 14.159692, 1.102593, 21.605409, 9.535049, -0.061727, 0.056956, 1.061696,
84.200000, 13.231482, 1.019029, 22.140616, 11.402429, -0.055609, 0.057277, 1.062974,
84.300000, 12.433413, 1.077815, 20.410933, 11.438923, -0.058114, 0.052976, 1.068365,
84.400000, 11.611528, 1.073616, 20.293536, 12.287908, -0.050302, 0.054420, 1.069841,
84.500000, 10.976731, 1.017057, 20.517405, 13.984931, -0.049793, 0.056036, 1.056754,
84.600000, 10.265888, 1.031547, 20.931653, 12.795310, -0.045025, 0.059481, 1.065179,
84.700000, 8.773794, 1.012707, 19.768208, 14.197832, -0.028877, 0.053572, 1.072781,
84.800000, 5.924248, 0.987051, 19.332355, 13.792472, -0.014234, 0.049918, 1.062960,
84.900000, 0.026030, 0.983975, 19.349859, 14.042920, -0.014435, 0.058127, 1.060949,
85.000000, -0.163656, 1.020379, 19.303037, 13.428137, -0.007393, 0.057089, 1.061405,
85.100000, -0.087368, 1.070535, 19.726480, 13.125527, -0.007351, 0.056332, 1.067022,
85.200000, -0.183560, 2.203051, 19.931526, 13.210834, -0.005670, 0.053698, 1.064006,
85.300000, -0.168989, 4.618308, 19.924017, 10.424254, -0.003440, 0.056336, 1.061150,
85.400000, -0.162944, 6.730687, 19.908957, 5.991859, 0.004390, 0.061680, 1.060406,
85.500000, -0.122880, 8.513446, 19.920023, 2.178497, 0.007794, 0.064990, 1.066518,
85.600000, -0.133475, 7.295513, 18.540455, 0.570250, 0.016393, 0.070856, 1.067981,
85.700000, -0.130316, 6.851964, 18.064575, 0.859940, 0.024100, 0.064374, 1.060863,
85.800000, -0.151251, 6.868260, 18.085002, 1.848493, 0.048026, 0.066736, 1.062603,
85.900000, -0.067071, 7.192421, 19.439489, 2.582421, 0.049735, 0.067261, 1.061080,
86.000000, -0.093156, 7.545299, 19.878047, 4.351774, 0.052832, 0.061335, 1.055397,
86.100000, -0.098250, 7.830628, 19.877521, 6.546864, 0.055288, 0.063136, 1.062234,
86.200000, -0.055580, 8.547726, 19.876394, 7.468952, 0.053956, 0.054862, 1.059356,
86.300000, -0.050974, 8.490279, 19.896984, 8.181575, 0.061350, 0.051659, 1.067080,
86.400000, -0.036764, 8.491837, 19.447012, 7.440403, 0.057992, 0.057970, 1.059114,
86.500000, -0.040728, 6.550599, 19.293481, 7.332257, 0.055916, 0.065271, 1.057785,
86.600000, -0.028325, 7.410194, 19.297399, 6.287377, 0.061253, 0.059542, 1.060075,
86.700000, -0.008167, 8.872085, 19.292930, 4.595945, 0.064275, 0.067803, 1.064777,
86.800000, -0.035193, 10.442536, 20.663809, 3.810566, 0.061535, 0.059856, 1.063709,
86.900000, -0.036222, 11.512961, 21.116397, 3.822274, 0.060125, 0.066902, 1.043991,
87.000000, -0.026533, 12.012709, 20.672786, 4.636587, 0.057264, 0.080144, 1.061680,
87.100000, -0.012339, 15.441744, 20.517831, 5.343933, 0.054879, 0.072229, 1.069590,
87.200000, 0.025232, 15.445569, 20.516074, 7.215739, 0.052799, 0.069184, 1.074566,
87.300000, 0.005081, 14.457734, 20.082501, 10.949364, 0.062708, 0.049954, 1.066416,
87.400000, -0.040042, 13.877655, 19.908550, 14.285201, 0.076429, 0.051617, 1.035744,
87.500000, -0.023751, 14.741927, 21.693393, 16.257802, 0.087336, 0.060509, 1.049108,
87.600000, -0.008959, 15.220240, 21.859069, 16.455485, 0.092331, 0.059408, 1.055367,
87.700000, -0.032532, 15.458767, 21.697131, 16.323991, 0.094194, 0.062303, 1.076352,
87.800000, -0.024534, 17.085003, 21.246003, 16.239854, 0.095615, 0.049574, 1.075152,
87.900000, -0.035574, 17.895640, 22.420141, 16.410217, 0.098055, 0.053598, 1.065176,
88.000000, -0.070277, 18.453897, 22.882398, 17.131328, 0.097317, 0.054644, 1.048898,
88.100000, -0.087331, 19.530848, 22.443053, 18.113922, 0.101380, 0.073643, 1.041912,
88.200000, -0.100672, 19.091842, 22.281699, 18.694751, 0.103069, 0.058375, 1.057072,
88.300000, -0.091071, 19.367566, 23.601359, 19.525593, 0.106034, 0.052380, 1.073865,
88.400000, -0.070441, 17.643225, 23.615505, 21.086927, 0.104953, 0.047233, 1.064772,
88.500000, -0.079493, 12.865429, 23.469950, 23.323903, 0.088073, 0.054723, 1.051769,
88.600000, -0.125897, 8.564948, 23.038786, 25.335215, 0.100486, 0.054959, 1.039795,
88.700000, -0.211399, 9.374199, 24.273800, 28.101042, 0.099110, 0.054630, 1.034032,
88.800000, -0.190967, 13.793195, 24.713581, 30.144569, 0.085993, 0.044345, 1.049958,
88.900000, -0.079997, 15.221944, 24.664836, 31.643523, 0.094934, 0.037838, 1.081179,
89.000000, -0.071807, 16.340758, 24.192322, 32.379610, 0.090017, 0.037697, 1.066250,
89.100000, -0.162803, 17.548916, 25.438010, 34.255894, 0.081986, 0.036365, 1.047264,
89.200000, -0.183544, 16.297970, 25.918759, 34.958198, 0.086445, 0.031164, 1.046914,
89.300000, -0.162961, 16.301889, 25.898535, 34.860479, 0.084185, 0.028779, 1.058300,
89.400000, -0.165603, 18.118965, 25.441677, 34.528185, 0.081919, 0.036579, 1.062867,
89.500000, -0.179919, 18.928715, 26.659166, 35.178641, 0.087957, 0.030525, 1.080154,
89.600000, -0.190525, 18.115607, 27.101884, 34.958845, 0.082611, 0.031332, 1.066060,
89.700000, -0.234554, 15.012571, 26.701533, 35.491133, 0.082994, 0.026370, 1.052017,
89.800000, -0.227674, 12.675795, 26.507989, 35.220423, 0.089223, 0.035304, 1.042596,
89.900000, -0.176749, 14.687761, 27.810034, 34.503561, 0.077189, 0.031451, 1.054196,
90.000000, -0.152640, 15.351569, 27.837421, 33.895257, 0.078533, 0.026427, 1.059802,
90.100000, -0.201175, 17.962040, 27.694109, 32.981299, 0.081701, 0.033066, 1.067975,
90.200000, -0.215908, 18.878064, 27.706772, 31.705399, 0.077960, 0.035984, 1.052327,
90.300000, -0.205145, 19.471840, 27.260664, 30.620621, 0.085546, 0.032374, 1.049838,
90.400000, -0.162789, 18.581977, 28.817656, 28.861215, 0.080173, 0.047884, 1.063605,
90.500000, -0.205788, 17.335487, 29.042847, 27.994372, 0.077401, 0.038607, 1.053419,
90.600000, -0.265699, 16.442441, 28.924452, 27.415309, 0.081004, 0.048626, 1.058763,
90.700000, -0.165166, 16.512247, 28.432451, 25.350403, 0.076506, 0.047258, 1.086924,
90.800000, -0.157223, 17.636496, 28.254038, 23.094363, 0.081118, 0.042275, 1.085855,
90.900000, -0.160170, 18.583848, 29.569609, 21.800312, 0.077442, 0.058821, 1.048770,
91.000000, -0.210933, 19.943275, 30.030183, 21.097659, 0.076339, 0.054405, 1.028120,
91.100000, -0.244590, 20.868948, 29.591837, 20.878894, 0.070625, 0.069451, 1.036086,
91.200000, -0.169428, 21.393467, 29.410412, 20.648077, 0.071864, 0.068252, 1.086315,
91.300000, -0.108299, 22.172949, 29.369714, 20.258804, 0.085393, 0.033351, 1.046034,
91.400000, -0.148699, 22.564444, 30.667420, 20.263337, 0.090451, 0.054989, 1.029690,
91.500000, -0.172056, 21.634506, 30.761458, 20.998794, 0.088092, 0.060294, 1.055191,
91.600000, -0.202318, 22.388268, 30.632403, 21.487661, 0.089702, 0.056300, 1.059088,
91.700000, -0.262188, 23.027946, 30.228291, 21.547396, 0.079661, 0.051139, 1.070830,
91.800000, -0.345016, 22.840391, 31.893390, 21.951847, 0.090832, 0.057280, 1.072145,
91.900000, -0.370104, 23.419737, 32.084544, 20.167551, 0.087879, 0.060478, 1.075334,
92.000000, -0.355667, 24.016062, 31.923966, 18.419952, 0.089152, 0.063426, 1.071720,
92.100000, -0.419486, 23.838738, 31.517313, 18.477433, 0.087209, 0.070199, 1.068590,
92.200000, -0.438674, 23.670610, 32.657166, 18.577602, 0.089051, 0.066416, 1.064734,
92.300000, -0.343735, 23.200374, 33.055563, 17.240948, 0.086875, 0.071554, 1.052946,
92.400000, -0.255826, 22.642505, 32.579575, 16.862322, 0.081297, 0.066750, 1.060769,
92.500000, -0.279598, 21.403799, 32.425862, 16.815160, 0.084299, 0.066801, 1.062542,
92.600000, -0.304017, 18.938734, 33.739219, 16.883947, 0.085888, 0.076533, 1.058970,
92.700000, -0.295451, 16.599296, 33.750483, 16.561320, 0.083732, 0.071902, 1.060800,
92.800000, -0.306165, 14.454088, 33.591840, 15.336920, 0.083074, 0.079866, 1.063707,
92.900000, -0.329628, 14.043353, 33.162942, 15.478785, 0.082470, 0.074015, 1.059113,
93.000000, -0.357318, 14.418787, 33.029376, 15.071489, 0.076995, 0.086625, 1.067827,
93.100000, -0.381954, 13.749944, 34.752570, 12.954655, 0.080117, 0.085481, 1.056770,
93.200000, -0.476600, 12.641434, 35.082045, 12.100359, 0.077677, 0.091723, 1.060461,
93.300000, -0.464447, 13.152565, 34.896807, 11.039840, 0.082894, 0.093199, 1.070067,
93.400000, -0.386109, 13.703335, 34.399194, 10.796243, 0.075813, 0.097624, 1.051063,
93.500000, -0.404373, 14.103646, 35.973483, 10.456386, 0.078952, 0.092573, 1.063043,
93.600000, -0.456712, 16.891992, 36.704335, 10.786274, 0.079023, 0.095472, 1.073284,
93.700000, -0.376603, 19.725131, 36.183738, 9.072667, 0.074132, 0.094287, 1.057561,
93.800000, -0.332370, 22.512480, 35.972804, 7.537387, 0.073371, 0.099097, 1.050560,
93.900000, -0.307571, 24.888446, 35.561549, 6.568263, 0.073419, 0.099841, 1.071109,
94.000000, -0.272061, 26.117142, 35.376526, 5.079474, 0.077782, 0.112707, 1.073069,
94.100000, -0.280798, 27.036713, 36.657623, 4.387325, 0.084687, 0.108839, 1.058644,
94.200000, -0.266843, 27.878498, 37.142338, 4.717769, 0.091737, 0.116663, 1.053372,
94.300000, -0.248036, 28.651204, 36.720946, 4.994669, 0.092703, 0.112611, 1.062822,
94.400000, -0.226509, 28.089893, 36.542101, 5.238488, 0.108102, 0.120758, 1.064126,
94.500000, -0.251949, 27.693467, 37.419338, 6.064928, 0.110474, 0.116301, 1.061020,
94.600000, -0.233321, 28.202723, 37.752278, 6.837243, 0.112829, 0.113120, 1.064184,
94.700000, -0.236733, 29.152663, 37.306436, 8.436313, 0.116871, 0.104676, 1.065154,
94.800000, -0.249001, 29.186702, 38.921725, 10.081570, 0.106460, 0.105582, 1.057501,
94.900000, -0.252176, 28.996160, 39.161807, 10.272574, 0.113039, 0.097191, 1.064636,
95.000000, -0.318930, 28.959144, 38.591749, 10.122270, 0.111345, 0.095488, 1.063524,
95.100000, -0.237370, 26.720279, 39.702664, 9.687587, 0.108917, 0.102031, 1.066402,
95.200000, -0.248626, 23.979117, 39.755117, 8.294384, 0.110577, 0.099516, 1.066180,
95.300000, -0.271262, 22.499064, 39.599447, 6.817819, 0.102501, 0.105797, 1.045616,
95.400000, -0.231393, 20.252732, 40.895916, 6.509692, 0.107641, 0.113074, 1.060494,
95.500000, -0.288150, 16.926919, 40.976521, 7.081295, 0.106444, 0.113027, 1.063321,
95.600000, -0.228323, 14.753361, 40.353204, 7.077413, 0.104086, 0.114343, 1.054152,
95.700000, -0.218423, 13.757375, 41.883261, 7.544793, 0.097573, 0.114201, 1.051334,
95.800000, -0.224079, 12.948907, 42.140422, 8.838467, 0.095021, 0.108871, 1.057883,
95.900000, -0.196888, 11.937834, 41.986553, 9.672403, 0.095219, 0.107226, 1.067595,
96.000000, -0.205906, 11.876581, 41.541266, 10.247220, 0.095370, 0.108328, 1.050648,
96.100000, -0.195664, 13.603288, 42.657447, 10.351362, 0.093949, 0.106510, 1.056739,
96.200000, -0.182977, 15.058712, 43.143724, 10.460528, 0.099750, 0.107756, 1.068548,
96.300000, -0.170912, 14.670440, 42.726038, 10.723992, 0.100391, 0.103563, 1.062373,
96.400000, -0.182469, 14.291349, 42.556278, 11.044784, 0.093443, 0.106809, 1.070038,
96.500000, -0.196012, 13.931781, 43.416840, 11.729600, 0.099903, 0.102440, 1.066118,
96.600000, -0.157979, 12.263509, 43.750647, 12.123134, 0.089137, 0.105514, 1.062987,
96.700000, -0.164083, 10.760257, 43.314145, 12.690555, 0.093923, 0.098579, 1.064797,
96.800000, -0.180801, 11.334153, 44.855488, 13.086244, 0.091525, 0.099103, 1.068247,
96.900000, -0.159885, 13.247787, 45.092781, 13.934296, 0.090971, 0.098900, 1.061134,
97.000000, -0.186149, 14.513627, 44.927626, 15.830474, 0.091964, 0.088905, 1.068839,
97.100000, -0.176065, 14.603529, 44.505929, 16.896826, 0.087622, 0.084446, 1.053589,
97.200000, -0.153422, 14.011222, 45.586858, 16.764853, 0.088395, 0.089327, 1.061041,
97.300000, -0.136342, 13.682055, 46.108961, 20.592239, 0.089325, 0.079987, 1.072549,
97.400000, -0.139595, 10.427442, 45.723099, 17.034844, 0.090826, 0.083345, 1.064406,
97.500000, -0.113545, 7.963074, 45.536669, 17.437455, 0.086000, 0.083022, 1.058926,
97.600000, -0.127376, 5.555232, 46.809872, 17.417608, 0.085726, 0.085631, 1.060238,
97.700000, -0.087525, 4.701589, 47.317311, 17.740154, 0.078455, 0.083303, 1.067233,
97.800000, -0.084577, 4.844076, 46.893502, 17.872641, 0.073317, 0.086607, 1.065814,
97.900000, -0.036718, 4.986045, 46.715411, 17.758861, 0.068426, 0.086120, 1.063825,
98.000000, -0.043704, 4.774170, 46.732260, 17.979814, 0.067160, 0.088671, 1.064813,
98.100000, -0.025038, 4.407361, 46.282988, 18.187320, 0.069220, 0.080676, 1.060079,
98.200000, -0.017989, 3.526570, 47.816179, 18.290990, 0.070418, 0.084924, 1.073098,
98.300000, -0.020445, 2.041460, 48.079434, 18.371108, 0.072598, 0.084707, 1.055305,
98.400000, 0.027194, 1.207019, 47.898233, 18.131790, 0.064590, 0.085196, 1.064434,
98.500000, -0.001328, 1.035448, 47.926864, 16.939451, 0.053797, 0.082900, 1.064402,
98.600000, -0.019810, 1.049103, 47.933408, 14.235868, 0.040603, 0.093466, 1.062251,
98.700000, 8.452828, 1.051481, 47.910995, 11.762608, 0.027865, 0.092713, 1.062853,
98.800000, 17.359989, 1.021056, 47.518754, 11.179410, 0.018241, 0.099450, 1.067448,
98.900000, 20.051049, 1.012526, 47.783975, 11.340187, -0.000474, 0.108832, 1.059497,
99.000000, 22.080459, 1.000526, 47.961836, 11.564442, -0.028510, 0.103626, 1.074375,
99.100000, 22.523133, 1.014911, 47.968865, 11.803041, -0.054570, 0.106320, 1.069722,
99.200000, 20.608922, 0.943775, 48.470909, 12.883477, -0.081737, 0.106085, 1.072133,
99.300000, 18.943440, 0.961426, 46.949559, 13.533013, -0.086523, 0.103717, 1.072955,
99.400000, 16.510113, 1.016573, 46.618362, 13.248925, -0.088273, 0.096244, 1.074522,
99.500000, 14.989974, 0.999601, 46.809147, 14.111257, -0.081321, 0.093744, 1.078558,
99.600000, 15.228409, 0.970695, 46.014376, 14.939027, -0.076675, 0.087492, 1.074943,
99.700000, 14.945394, 0.962544, 46.078290, 15.069967, -0.070082, 0.089743, 1.071840,
99.800000, 14.778045, 0.986119, 46.220361, 14.988217, -0.074476, 0.084951, 1.065415,
99.900000, 15.836102, 0.960859, 44.983123, 14.987828, -0.072269, 0.085800, 1.076750,
100.000000, 14.691601, 0.959948, 44.882184, 15.201238, -0.069680, 0.089244, 1.055637,
100.100000, 13.329591, 0.956976, 45.038620, 15.181588, -0.069234, 0.086554, 1.057666,
100.200000, 12.340325, 0.943719, 43.819526, 15.202271, -0.067155, 0.088782, 1.054588,
100.300000, 13.252621, 1.009277, 43.619948, 14.223721, -0.058282, 0.084770, 1.075157,
100.400000, 14.139980, 1.017234, 43.810965, 14.467780, -0.052612, 0.091295, 1.083396,
100.500000, 13.706952, 0.897246, 43.075453, 15.941218, -0.064153, 0.082356, 1.081655,
100.600000, 13.671191, 0.944322, 42.621721, 14.766419, -0.058488, 0.090394, 1.054561,
100.700000, 10.933287, 0.988296, 43.038194, 14.929446, -0.061813, 0.087605, 1.087220,
100.800000, 8.161493, 0.950054, 43.275266, 16.927817, -0.047891, 0.084014, 1.069598,
100.900000, 4.510352, 0.943139, 42.013263, 17.948949, -0.014830, 0.083621, 1.066620,
101.000000, -0.276144, 0.955576, 41.442746, 18.604315, -0.016619, 0.082584, 1.067436,
101.100000, -0.209167, 0.987314, 41.842029, 19.604990, -0.014845, 0.080997, 1.065744,
101.200000, -0.179646, 1.001222, 42.010859, 20.090583, -0.010161, 0.076040, 1.082989,
101.300000, -0.170699, 1.023741, 41.997501, 20.154667, -0.006262, 0.073228, 1.077885,
101.400000, -0.204293, 1.010048, 42.446302, 20.522681, -0.009204, 0.076473, 1.061455,
101.500000, -0.178092, 0.991372, 42.610404, 20.472716, -0.016177, 0.072659, 1.056090,
101.600000, -0.188365, 1.010233, 40.930496, 20.217034, -0.014799, 0.069015, 1.059499,
101.700000, -0.140630, 1.021975, 40.632432, 20.460561, -0.011985, 0.072651, 1.070801,
101.800000, -0.170578, 1.083279, 40.806415, 20.620198, -0.009022, 0.068117, 1.067592,
101.900000, -0.144985, 2.250819, 40.793542, 20.986365, -0.009405, 0.068683, 1.055537,
102.000000, -0.134894, 3.084592, 40.787383, 20.809148, -0.009577, 0.068253, 1.063432,
102.100000, -0.116211, 4.661482, 41.203559, 20.405481, -0.007537, 0.066216, 1.071769,
102.200000, -0.211106, 5.877748, 41.451129, 21.176553, -0.008894, 0.067076, 1.066434,
102.300000, -0.198880, 6.677327, 40.189155, 19.883438, -0.010527, 0.070976, 1.062586,
102.400000, -0.170527, 2.424894, 39.615840, 18.363606, -0.009440, 0.071794, 1.066546,
102.500000, -0.172411, 0.992002, 39.625887, 18.042420, -0.004814, 0.074935, 1.079295,
102.600000, -0.210538, 1.013113, 39.638020, 17.806327, -0.007383, 0.078874, 1.065451,
102.700000, 0.229069, 1.034717, 39.612821, 16.175584, -0.007954, 0.083791, 1.066528,
102.800000, 4.746844, 1.031210, 40.005325, 14.526471, -0.011267, 0.084202, 1.063855,
102.900000, 8.756454, 1.025399, 40.185178, 13.213761, -0.012725, 0.087085, 1.065023,
103.000000, 11.551325, 1.023352, 40.179838, 12.661804, -0.012068, 0.091577, 1.060633,
103.100000, 13.320118, 1.034079, 38.925667, 13.213133, -0.011631, 0.091038, 1.065944,
103.200000, 13.771077, 1.050844, 38.384377, 13.375356, -0.009782, 0.089495, 1.066946,
103.300000, 13.291127, 1.034793, 38.815138, 13.457233, -0.010578, 0.091367, 1.064757,
103.400000, 13.614607, 1.028120, 38.983715, 14.431957, -0.011079, 0.093549, 1.071584,
103.500000, 13.711752, 1.046560, 38.963157, 14.574377, -0.013116, 0.086803, 1.069305,
103.600000, 13.263540, 1.043885, 38.968657, 15.435715, -0.013518, 0.087380, 1.059408,
103.700000, 12.649108, 1.031460, 39.381430, 16.575575, -0.009591, 0.087010, 1.071020,
103.800000, 12.498416, 1.057759, 39.568308, 17.327340, -0.006752, 0.083460, 1.076395,
103.900000, 10.581384, 1.045749, 37.873624, 17.873740, -0.006950, 0.081407, 1.063582,
104.000000, 6.610470, 1.033666, 37.136838, 18.356632, -0.008060, 0.077919, 1.067932,
104.100000, 0.954111, 1.038158, 37.560872, 19.000802, -0.010940, 0.077785, 1.058343,
104.200000, 0.995509, 1.029019, 37.751280, 19.434766, -0.012304, 0.075809, 1.064699,
104.300000, 9.581353, 1.026670, 37.755217, 19.733930, -0.008788, 0.076702, 1.072713,
104.400000, 17.861177, 1.033267, 37.752358, 19.665974, -0.005405, 0.072175, 1.072101,
104.500000, 18.921422, 1.031172, 38.185932, 19.545864, -0.019121, 0.079287, 1.065853,
104.600000, 21.083972, 1.025183, 37.120702, 19.773934, -0.045662, 0.072678, 1.065426,
104.700000, 21.563664, 1.043174, 36.567982, 19.928367, -0.067397, 0.076327, 1.065515,
104.800000, 20.166795, 0.990663, 37.034646, 20.165589, -0.080446, 0.071807, 1.067769,
104.900000, 12.751425, 0.982409, 37.218631, 18.636764, -0.086171, 0.078050, 1.062677,
105.000000, 7.375291, 0.979636, 36.381063, 16.621085, -0.063064, 0.079540, 1.062407,
105.100000, 1.674621, 0.999230, 35.993230, 15.941887, -0.020671, 0.086551, 1.060792,
105.200000, -0.274846, 0.967859, 36.451106, 16.594367, -0.015373, 0.081392, 1.060509,
105.300000, -0.235900, 0.955933, 34.973344, 16.977426, -0.015519, 0.086344, 1.062843,
105.400000, -0.193248, 2.774684, 34.200113, 18.277228, -0.009679, 0.084343, 1.070307,
105.500000, -0.146826, 10.672530, 34.585591, 21.290776, -0.007059, 0.080538, 1.079146,
105.600000, -0.197076, 14.815598, 34.788787, 24.014374, -0.001782, 0.069396, 1.075977,
105.700000, -0.196264, 17.559398, 34.809670, 26.581051, 0.004651, 0.059334, 1.059361,
105.800000, -0.248101, 16.742310, 34.819164, 29.354275, 0.013865, 0.053116, 1.064847,
105.900000, -0.193684, 16.690160, 34.779722, 29.702146, 0.016540, 0.043800, 1.059075,
106.000000, -0.314766, 19.515983, 35.288868, 30.632270, 0.026573, 0.050754, 1.062232,
106.100000, -0.280059, 20.605039, 35.023630, 30.253588, 0.036008, 0.048108, 1.064109,
106.200000, -0.256260, 20.566673, 35.247020, 29.657000, 0.045421, 0.057707, 1.066977,
106.300000, -0.339254, 20.793109, 35.077675, 28.266119, 0.051517, 0.059261, 1.061613,
106.400000, -0.427405, 16.940437, 34.950628, 26.076672, 0.053349, 0.068394, 1.060886,
106.500000, -0.325946, 10.637255, 34.882619, 20.838023, 0.056219, 0.074265, 1.064536,
106.600000, -0.281259, 6.549790, 34.861101, 11.932800, 0.052579, 0.101847, 1.065493,
106.700000, -0.236607, 2.126679, 34.826042, 3.236919, 0.048817, 0.127874, 1.069479,
106.800000, -0.338340, 0.917392, 34.924859, -0.289391, 0.037582, 0.130247, 1.062890,
106.900000, -0.328266, 0.924660, 34.889361, -1.630226, 0.020471, 0.143146, 1.062956,
107.000000, -0.328363, 0.957169, 34.882524, -2.563258, 0.004742, 0.155493, 1.056009,
107.100000, -0.321150, 0.945691, 34.918795, -3.102527, 0.007508, 0.147333, 1.061955,
107.200000, -0.261452, 1.016779, 34.840909, -4.138982, -0.003134, 0.148424, 1.069289,
107.300000, -0.289774, 1.002149, 34.879053, -3.588458, -0.009667, 0.139260, 1.048308,
107.400000, -0.254700, 1.009375, 34.860949, -2.151603, -0.007674, 0.147569, 1.063970,
107.500000, -0.265724, 1.002164, 35.279131, 1.136024, -0.008775, 0.133322, 1.070429,
107.600000, -0.258641, 0.979109, 35.458254, 5.362547, -0.005991, 0.119015, 1.069364,
107.700000, -0.217077, 0.969278, 35.429491, 8.703076, -0.003595, 0.110104, 1.076210,
107.800000, -0.207775, 1.010651, 33.782544, 10.456734, -0.006022, 0.111881, 1.069178,
107.900000, -0.179828, 1.024301, 33.418641, 11.864687, -0.008018, 0.093358, 1.061119,
108.000000, -0.161068, 1.008496, 33.588939, 14.386226, -0.009163, 0.096283, 1.064122,
108.100000, -0.166768, 1.018049, 33.607888, 16.142676, -0.008231, 0.090024, 1.069076,
108.200000, -0.094123, 1.017047, 33.590786, 16.664883, -0.006382, 0.075544, 1.073175,
108.300000, -0.226934, 1.057329, 34.088413, 17.935152, -0.006455, 0.093963, 1.058761,
108.400000, -0.140693, 2.642960, 34.225081, 17.786492, -0.010747, 0.080505, 1.069081,
108.500000, -0.088330, 6.394967, 32.961080, 17.686603, -0.004947, 0.084093, 1.072029,
108.600000, -0.135795, 8.396912, 32.412824, 18.586302, -0.001384, 0.082348, 1.051151,
108.700000, -0.077656, 9.335216, 32.403611, 19.144879, -0.005581, 0.077932, 1.065465,
108.800000, -0.046220, 11.921864, 32.390138, 20.076810, 0.004476, 0.082827, 1.081011,
108.900000, -0.127991, 7.220298, 32.384770, 20.531231, 0.014088, 0.082895, 1.054976,
109.000000, -0.026994, 1.645429, 32.811500, 19.982357, 0.013360, 0.072461, 1.068618,
109.100000, -0.073719, 1.023223, 33.011511, 19.298863, 0.012582, 0.075038, 1.066375,
109.200000, -0.007751, 1.324043, 32.979824, 17.582077, 0.010526, 0.076247, 1.064272,
109.300000, -0.081146, 3.221653, 33.023432, 16.248720, 0.008534, 0.086326, 1.066161,
109.400000, -0.047222, 2.581307, 33.003667, 14.868258, 0.001004, 0.087413, 1.062957,
109.500000, -0.032747, 3.815019, 33.002894, 14.165198, 0.005722, 0.087324, 1.059600,
109.600000, -0.195603, 2.962082, 33.091192, 14.246340, 0.001186, 0.098370, 1.054599,
109.700000, -0.184715, 0.971093, 31.848912, 12.973978, 0.004700, 0.090913, 1.056474,
109.800000, -0.148298, 0.982356, 31.235393, 12.385203, -0.002222, 0.092765, 1.068258,
109.900000, 0.939398, 1.036385, 31.628799, 12.487707, -0.000286, 0.090083, 1.072276,
110.000000, 10.628648, 1.031007, 31.785729, 12.769379, -0.003899, 0.094166, 1.061335,
110.100000, 15.749849, 1.022872, 31.794920, 13.318929, -0.004444, 0.090565, 1.065356,
110.200000, 16.967463, 1.041444, 31.797281, 13.624798, -0.002918, 0.077670, 1.067123,
110.300000, 18.417078, 1.004456, 32.243831, 14.433267, -0.020270, 0.097437, 1.052392,
110.400000, 20.117891, 0.987059, 32.438476, 14.432880, -0.042023, 0.091336, 1.064259,
110.500000, 21.833439, 1.040830, 30.777225, 14.077206, -0.063489, 0.083614, 1.078483,
110.600000, 19.686955, 1.081629, 30.407618, 14.001485, -0.075705, 0.085240, 1.073427,
110.700000, 16.061460, 0.976179, 30.683072, 15.141273, -0.080700, 0.086272, 1.052431,
110.800000, 15.910102, 0.958921, 29.859443, 14.848995, -0.075397, 0.088464, 1.066441,
110.900000, 14.365296, 0.999763, 29.465990, 14.812249, -0.072360, 0.083332, 1.070430,
111.000000, 13.390719, 0.983526, 29.864948, 15.034054, -0.065171, 0.092519, 1.074182,
111.100000, 15.944643, 1.006821, 28.855645, 15.027251, -0.060120, 0.089423, 1.074072,
111.200000, 16.533341, 1.025504, 28.640582, 15.279653, -0.061659, 0.082770, 1.066440,
111.300000, 13.838700, 0.999389, 29.263216, 16.441127, -0.064428, 0.089096, 1.068429,
111.400000, 11.429264, 0.961727, 27.864856, 17.478679, -0.063240, 0.079835, 1.066241,
111.500000, 9.944306, 0.992049, 27.449876, 17.574944, -0.053189, 0.080602, 1.067060,
111.600000, 8.834761, 0.989454, 27.651208, 17.539642, -0.032019, 0.085889, 1.064221,
111.700000, 8.494280, 0.997875, 28.028992, 17.163041, -0.014478, 0.081659, 1.061134,
111.800000, 7.434297, 0.996816, 27.013901, 17.090501, -0.011795, 0.081845, 1.061713,
111.900000, 7.217713, 1.032148, 26.424612, 16.803522, -0.010233, 0.083612, 1.073917,
112.000000, 6.888136, 1.060838, 26.406876, 16.891990, -0.010103, 0.080511, 1.066150,
112.100000, 8.575085, 0.992472, 26.817015, 17.006175, -0.008911, 0.084809, 1.065027,
112.200000, 9.822748, 1.044187, 27.008678, 16.939243, -0.011025, 0.083493, 1.063670,
112.300000, 10.447934, 1.004662, 27.008453, 17.090314, -0.011994, 0.084596, 1.059775,
112.400000, 11.289055, 1.015577, 27.009350, 17.045743, -0.013158, 0.082938, 1.070856,
112.500000, 11.506642, 1.046505, 27.013965, 17.139440, -0.008856, 0.082022, 1.076501,
112.600000, 10.878682, 0.999535, 25.814457, 17.418331, -0.010551, 0.084842, 1.056014,
112.700000, 10.439240, 1.041840, 25.623041, 17.551803, -0.009697, 0.081093, 1.061883,
112.800000, 9.400678, 1.049844, 25.854303, 18.185343, -0.005036, 0.080029, 1.075791,
112.900000, 9.662721, 1.017243, 25.841521, 18.584933, -0.006691, 0.080795, 1.067915,
113.000000, 9.736225, 1.021074, 25.828394, 19.369435, -0.007941, 0.081369, 1.057450,
113.100000, 8.965757, 0.996272, 26.283471, 18.899030, -0.006707, 0.078400, 1.068441,
113.200000, 6.230993, 1.010047, 26.406355, 18.964949, -0.007200, 0.080994, 1.073449,
113.300000, 0.952826, 1.044036, 24.842895, 20.301688, -0.008750, 0.074440, 1.062666,
113.400000, -0.247264, 1.017679, 24.050359, 20.657215, -0.007443, 0.081097, 1.052159,
113.500000, -0.251377, 0.981389, 24.466960, 21.046791, -0.004687, 0.078607, 1.062269,
113.600000, -0.238955, 1.012548, 24.659163, 21.152027, -0.006841, 0.080487, 1.081537,
113.700000, -0.352953, 1.884378, 24.671363, 21.397734, -0.004399, 0.078672, 1.065345,
113.800000, -0.424317, 3.219846, 24.767188, 22.689808, -0.009636, 0.071179, 1.050509,
113.900000, -0.249351, 5.958909, 25.064862, 21.150801, -0.002888, 0.065669, 1.063051,
114.000000, -0.242939, 6.940202, 25.277312, 21.261381, -0.000988, 0.089236, 1.083975,
114.100000, -0.347212, 8.711796, 23.700779, 21.216225, -0.002223, 0.086054, 1.078965,
114.200000, -0.282976, 9.513291, 22.888183, 20.663843, 0.006531, 0.078481, 1.023318,
114.300000, -0.287303, 10.154789, 22.886535, 20.668586, 0.001570, 0.069024, 1.066147,
114.400000, -0.288257, 10.926428, 23.277426, 20.641737, 0.020912, 0.083385, 1.065417,
114.500000, -0.250274, 10.852773, 23.472709, 20.355885, 0.008432, 0.080991, 1.085538,
114.600000, -0.242283, 11.238849, 23.505386, 20.653885, 0.018519, 0.073980, 1.069647,
114.700000, -0.286766, 11.167188, 23.501999, 19.878530, 0.019638, 0.081157, 1.057224,
114.800000, -0.308939, 11.411943, 23.512919, 17.650357, 0.016377, 0.071223, 1.054421,
114.900000, -0.262208, 13.739329, 23.501628, 13.589973, 0.023121, 0.086986, 1.061694,
115.000000, -0.290246, 17.254617, 23.521786, 10.540757, 0.020957, 0.096230, 1.062163,
115.100000, -0.293662, 19.361531, 23.487870, 5.767432, 0.031914, 0.103911, 1.068156,
115.200000, -0.257449, 22.362810, 23.459568, 2.161033, 0.048086, 0.104509, 1.069241,
115.300000, -0.241252, 22.973493, 23.476484, 2.372083, 0.056061, 0.109196, 1.062554,
115.400000, -0.263005, 24.193966, 23.493686, 3.484681, 0.064167, 0.104775, 1.063306,
115.500000, -0.297477, 25.654647, 23.524324, 5.378542, 0.073083, 0.102790, 1.061423,
115.600000, -0.274107, 26.636333, 23.117785, 6.125425, 0.075629, 0.097934, 1.060610,
115.700000, -0.277454, 27.366231, 22.916591, 7.330831, 0.084934, 0.096851, 1.055347,
115.800000, -0.241060, 28.222135, 24.468576, 8.377251, 0.093400, 0.090545, 1.060954,
115.900000, -0.261401, 28.129185, 24.861504, 8.860238, 0.093905, 0.093048, 1.059530,
116.000000, -0.268857, 28.636845, 24.674154, 9.484031, 0.095043, 0.091967, 1.058761,
116.100000, -0.324374, 29.173936, 24.333331, 10.848378, 0.090738, 0.086521, 1.063031,
116.200000, -0.303530, 29.412771, 25.678056, 10.994175, 0.089446, 0.093009, 1.061506,
116.300000, -0.229432, 30.126374, 26.073483, 10.539320, 0.094420, 0.082880, 1.064893,
116.400000, -0.236560, 30.072628, 25.854210, 10.468631, 0.094991, 0.091072, 1.053544,
116.500000, -0.216144, 30.620838, 25.841747, 10.551305, 0.096241, 0.100876, 1.055259,
116.600000, -0.221755, 30.596231, 25.456319, 11.216035, 0.101769, 0.087261, 1.059962,
116.700000, -0.231120, 30.501285, 26.427516, 11.770650, 0.110640, 0.089362, 1.064161,
116.800000, -0.233062, 30.303333, 27.053331, 14.783357, 0.116462, 0.096209, 1.055903,
116.900000, -0.250464, 29.590986, 26.654367, 14.631108, 0.131593, 0.080288, 1.058745,
117.000000, -0.235442, 28.237767, 27.628111, 15.045492, 0.132498, 0.084009, 1.059255,
117.100000, -0.297681, 27.812813, 27.875687, 16.075867, 0.131466, 0.092521, 1.051035,
117.200000, -0.355882, 28.137359, 27.326533, 17.252788, 0.139069, 0.091347, 1.054980,
117.300000, -0.339151, 28.452068, 28.690729, 17.023802, 0.137629, 0.079283, 1.062877,
117.400000, -0.354252, 28.550550, 29.129606, 17.229750, 0.125400, 0.095843, 1.058521,
117.500000, -0.353384, 28.703130, 28.555764, 17.298765, 0.108409, 0.092273, 1.066895,
117.600000, -0.238816, 28.686281, 29.435781, 16.305357, 0.123921, 0.087708, 1.055816,
117.700000, -0.193747, 29.750951, 29.623783, 15.545144, 0.118310, 0.098020, 1.045649,
117.800000, -0.168274, 30.983697, 29.433103, 15.731674, 0.113882, 0.091424, 1.056237,
117.900000, -0.201752, 31.373507, 30.643946, 16.056103, 0.124592, 0.077108, 1.060365,
118.000000, -0.168085, 31.247525, 30.841679, 15.727753, 0.114541, 0.101059, 1.053771,
118.100000, -0.113940, 30.774332, 30.228452, 15.449353, 0.113780, 0.096343, 1.074760,
118.200000, -0.121972, 29.291872, 31.575263, 15.576271, 0.125984, 0.087109, 1.064142,
118.300000, -0.111601, 27.181996, 32.024904, 15.810150, 0.114331, 0.097662, 1.054683,
118.400000, -0.115307, 25.465752, 31.440493, 16.151041, 0.111628, 0.096089, 1.049075,
118.500000, -0.121648, 25.514873, 32.418974, 16.774640, 0.118026, 0.097349, 1.071614,
118.600000, -0.071854, 26.644047, 32.998380, 16.226817, 0.113438, 0.085229, 1.054586,
118.700000, -0.035091, 26.914621, 32.600471, 16.159533, 0.111944, 0.095436, 1.050389,
118.800000, -0.072391, 24.960057, 32.411423, 16.275165, 0.107654, 0.083216, 1.056053,
118.900000, -0.158862, 16.761543, 33.220681, 16.770727, 0.111910, 0.082290, 1.050990,
119.000000, -0.130512, 10.954305, 33.616027, 16.676567, 0.109395, 0.091719, 1.074762,
119.100000, -0.128960, 8.306287, 33.225411, 16.262399, 0.102678, 0.081705, 1.061265,
119.200000, -0.227080, 4.668110, 34.600928, 16.807135, 0.095755, 0.088332, 1.054324,
119.300000, -0.198707, 6.746383, 34.999832, 16.237624, 0.079938, 0.089239, 1.063143,
119.400000, -0.271394, 9.109357, 34.827884, 17.262457, 0.075754, 0.090066, 1.073271,
119.500000, -0.223603, 9.100080, 34.416629, 18.136264, 0.061203, 0.079295, 1.050829,
119.600000, -0.179244, 9.113962, 34.190552, 19.237479, 0.070183, 0.079944, 1.055682,
119.700000, -0.192708, 7.893289, 35.734464, 19.338982, 0.074847, 0.080451, 1.053499,
119.800000, -0.216074, 5.233673, 36.601676, 19.584531, 0.067700, 0.070535, 1.055843,
119.900000, -0.264888, 2.957035, 36.219205, 19.544928, 0.070630, 0.075283, 1.064408,
120.000000, -0.241657, 2.366460, 35.984128, 19.085358, 0.072571, 0.077348, 1.064189,
120.100000, -0.228878, 5.231756, 35.986275, 19.013349, 0.058691, 0.068068, 1.060587,
120.200000, -0.216010, 9.446182, 35.607892, 19.033911, 0.048886, 0.085252, 1.071273,
120.300000, -0.231160, 12.209086, 35.390424, 18.545883, 0.052933, 0.069004, 1.065287,
120.400000, -0.251040, 13.876205, 36.548369, 18.295913, 0.041717, 0.078996, 1.051716,
120.500000, -0.253915, 16.455755, 37.171565, 17.478456, 0.044545, 0.074850, 1.065910,
120.600000, -0.213284, 16.770031, 37.187994, 15.618190, 0.041222, 0.075752, 1.069877,
120.700000, -0.249652, 8.279393, 37.145160, 14.907390, 0.045818, 0.076056, 1.046425,
120.800000, -0.290126, 2.069597, 37.163817, 15.113036, 0.047099, 0.090091, 1.043258,
120.900000, -0.270995, 1.210407, 37.200808, 15.302561, 0.039385, 0.084008, 1.069403,
121.000000, -0.259851, 2.493364, 37.182032, 15.050199, 0.035937, 0.079465, 1.068516,
121.100000, -0.213973, 2.613136, 36.787441, 14.992478, 0.030559, 0.080511, 1.058557,
121.200000, -0.233265, 1.753862, 36.579741, 15.051911, 0.025808, 0.078563, 1.055577,
121.300000, -0.232679, 1.403241, 36.567498, 14.999138, 0.023583, 0.074221, 1.065138,
121.400000, -0.213159, 1.902477, 36.573941, 15.137431, 0.017149, 0.071829, 1.068341,
121.500000, -0.216100, 3.090611, 36.554238, 15.199876, 0.017972, 0.069914, 1.059165,
121.600000, -0.209717, 3.728617, 36.572600, 15.343974, 0.016385, 0.076120, 1.065963,
121.700000, -0.207046, 5.210592, 36.569010, 15.486980, 0.019067, 0.062802, 1.067699,
121.800000, -0.225400, 7.086398, 36.574033, 15.962034, 0.019159, 0.073653, 1.054594,
121.900000, -0.260254, 10.440380, 36.581968, 17.077685, 0.016787, 0.064554, 1.062366,
122.000000, -0.227040, 17.884419, 36.578275, 19.512265, 0.014207, 0.058809, 1.062878,
122.100000, -0.191830, 25.623680, 36.568967, 23.513567, 0.019358, 0.047854, 1.063937,
122.200000, -0.212277, 28.945554, 36.572795, 28.377479, 0.031376, 0.034688, 1.057542,
122.300000, -0.257613, 29.837058, 36.565570, 30.809565, 0.040817, 0.018608, 1.053872,
122.400000, -0.234547, 31.303479, 36.589959, 30.841601, 0.048344, 0.016390, 1.061915,
122.500000, -0.208677, 32.846331, 36.566631, 29.224293, 0.051908, 0.013985, 1.059638,
122.600000, -0.237422, 34.200077, 36.586593, 27.560755, 0.054458, 0.022014, 1.062851,
122.700000, -0.306655, 33.200577, 37.796399, 26.141299, 0.062044, 0.019796, 1.060452,
122.800000, -0.308875, 32.465862, 38.444783, 24.826293, 0.070406, 0.031736, 1.054583,
122.900000, -0.337728, 33.401976, 38.047035, 24.944247, 0.081052, 0.039845, 1.055295,
123.000000, -0.314080, 34.914119, 37.842947, 24.929493, 0.095884, 0.035786, 1.063472,
123.100000, -0.454363, 35.689975, 37.538320, 25.160640, 0.107665, 0.036192, 1.047054,
123.200000, -0.404710, 36.441994, 38.814751, 24.112898, 0.120304, 0.045610, 1.057202,
123.300000, -0.355177, 36.740231, 39.261769, 23.717958, 0.131674, 0.032755, 1.050882,
123.400000, -0.393727, 34.220628, 38.692780, 23.688666, 0.144242, 0.043163, 1.052021,
123.500000, -0.395747, 33.065216, 39.597473, 23.714788, 0.153965, 0.040274, 1.051589,
123.600000, -0.364242, 33.360220, 39.859128, 23.890089, 0.157839, 0.039470, 1.053369,
123.700000, -0.395917, 31.858075, 40.423718, 23.754010, 0.158123, 0.039742, 1.050618,
123.800000, -0.337224, 29.151156, 40.442119, 23.174872, 0.160280, 0.039044, 1.047825,
123.900000, -0.287175, 27.425359, 41.358795, 22.937909, 0.148559, 0.036790, 1.059416,
124.000000, -0.387521, 26.410586, 41.686381, 23.694654, 0.137532, 0.042332, 1.056204,
124.100000, -0.372407, 24.419580, 42.606948, 23.468101, 0.144955, 0.034750, 1.062432,
124.200000, -0.322342, 20.637958, 42.822099, 22.887969, 0.138170, 0.039790, 1.048564,
124.300000, -0.350661, 17.807466, 43.749261, 23.346914, 0.142705, 0.036287, 1.051005,
124.400000, -0.324918, 15.237000, 44.033602, 26.218238, 0.147384, 0.032970, 1.054619,
124.500000, -0.308571, 17.465345, 44.928278, 29.647572, 0.144332, 0.022014, 1.062502,
124.600000, -0.312482, 23.139189, 45.222575, 31.327515, 0.144790, 0.010367, 1.050557,
124.700000, -0.363229, 24.157368, 44.657580, 31.862514, 0.145007, 0.009852, 1.042405,
124.800000, -0.362673, 22.452036, 45.573763, 31.693553, 0.150394, 0.005526, 1.060301,
124.900000, -0.344113, 21.190072, 45.820535, 30.286072, 0.151884, 0.001966, 1.052147,
125.000000, -0.299176, 20.885460, 46.327184, 27.878757, 0.145578, 0.013624, 1.052561,
125.100000, -0.298551, 20.486487, 46.777507, 26.027428, 0.149232, 0.013611, 1.053407,
125.200000, -0.289571, 18.929817, 47.901791, 24.583655, 0.143833, 0.018677, 1.054843,
125.300000, -0.312677, 16.344256, 48.165254, 22.999106, 0.138314, 0.032636, 1.047692,
125.400000, -0.246711, 13.752150, 49.079414, 22.318980, 0.141301, 0.034960, 1.055365,
125.500000, -0.231697, 12.256928, 49.353122, 22.116841, 0.141776, 0.048302, 1.057980,
125.600000, -0.236724, 11.014296, 49.881602, 21.851814, 0.136057, 0.038693, 1.043986,
125.700000, -0.250985, 9.668391, 50.329188, 21.133818, 0.131042, 0.055181, 1.050052,
125.800000, -0.239713, 9.332588, 49.931692, 19.542389, 0.116326, 0.049360, 1.056810,
125.900000, -0.253850, 12.280575, 50.884793, 20.427109, 0.107898, 0.051736, 1.059569,
126.000000, -0.183881, 19.167690, 51.141830, 18.496677, 0.105362, 0.056447, 1.065032,
126.100000, -0.224418, 23.190646, 50.581130, 16.203992, 0.095572, 0.062142, 1.054491,
126.200000, -0.268705, 25.930994, 51.854383, 14.343565, 0.098203, 0.071675, 1.052826,
126.300000, -0.196776, 28.086964, 52.331233, 12.261136, 0.100828, 0.076655, 1.064268,
126.400000, -0.226439, 29.041807, 51.754954, 10.015176, 0.100083, 0.087866, 1.052606,
126.500000, -0.252659, 30.022428, 52.644743, 8.376307, 0.099398, 0.093765, 1.060285,
126.600000, -0.272281, 31.181827, 53.321640, 9.155559, 0.099283, 0.101260, 1.051977,
126.700000, -0.295376, 31.673812, 52.937692, 9.208465, 0.101182, 0.100959, 1.057021,
126.800000, -0.282614, 31.409792, 53.828937, 8.822144, 0.111064, 0.104068, 1.062326,
126.900000, -0.248569, 31.740856, 54.110874, 8.157785, 0.095428, 0.100964, 1.050419,
127.000000, -0.269273, 31.567029, 53.510524, 6.821317, 0.106008, 0.105906, 1.060509,
127.100000, -0.271912, 32.366149, 54.791203, 4.640523, 0.100203, 0.108292, 1.062182,
127.200000, -0.255441, 33.041505, 55.289200, 2.711039, 0.100878, 0.122196, 1.064026,
127.300000, -0.268585, 33.112894, 54.688545, 2.852205, 0.104944, 0.126972, 1.064612,
127.400000, -0.291783, 32.336936, 55.586159, 3.643096, 0.094602, 0.132376, 1.061614,
127.500000, -0.243369, 31.576110, 55.875344, 4.386896, 0.109861, 0.137325, 1.067194,
127.600000, -0.339868, 30.080253, 55.716135, 6.483239, 0.102766, 0.132396, 1.063056,
127.700000, -0.367820, 28.194921, 56.847495, 7.883633, 0.102640, 0.123444, 1.056201,
127.800000, -0.315608, 26.075528, 57.098980, 8.435003, 0.102554, 0.118748, 1.061521,
127.900000, -0.332187, 24.587880, 56.494062, 8.664890, 0.100465, 0.106238, 1.056088,
128.000000, -0.330768, 22.900948, 57.791000, 8.690708, 0.097629, 0.112351, 1.061575,
128.100000, -0.343429, 21.997411, 58.316447, 8.536279, 0.099815, 0.104484, 1.050922,
128.200000, -0.311622, 21.354385, 58.096860, 8.133257, 0.098703, 0.105808, 1.062291,
128.300000, -0.342788, 20.719908, 59.214203, 8.398380, 0.107295, 0.112433, 1.065831,
128.400000, -0.436087, 20.312292, 59.582088, 9.312132, 0.098160, 0.109343, 1.052439,
128.500000, -0.354719, 19.936095, 58.931715, 8.846462, 0.094586, 0.107788, 1.049165,
128.600000, -0.325851, 19.475656, 59.809640, 8.873491, 0.103547, 0.111098, 1.063583,
128.700000, -0.358228, 19.684066, 60.520870, 9.445580, 0.097800, 0.108884, 1.057208,
128.800000, -0.386121, 19.229460, 60.139274, 9.638057, 0.096101, 0.114493, 1.055874,
128.900000, -0.358422, 17.186878, 60.986204, 9.541524, 0.098904, 0.105452, 1.044833,
129.000000, -0.449503, 14.415028, 61.341516, 10.600950, 0.097602, 0.112109, 1.053666,
129.100000, -0.402868, 14.704291, 60.731831, 10.987819, 0.097110, 0.103928, 1.058364,
129.200000, -0.352116, 15.237550, 61.948875, 11.240241, 0.102150, 0.104351, 1.068037,
129.300000, -0.386084, 14.158021, 62.472909, 11.975151, 0.093520, 0.095993, 1.056136,
129.400000, -0.365307, 12.536552, 61.868167, 12.592698, 0.100136, 0.097776, 1.069742,
129.500000, -0.410205, 10.653396, 62.789676, 13.801451, 0.092109, 0.084434, 1.047474,
129.600000, -0.418037, 8.385484, 63.451503, 13.864723, 0.098320, 0.093363, 1.057046,
129.700000, -0.345635, 7.102862, 63.040919, 13.442440, 0.091524, 0.093386, 1.054313,
129.800000, -0.380801, 5.195127, 63.924686, 13.337797, 0.077826, 0.087526, 1.060157,
129.900000, -0.374714, 4.471114, 64.600025, 13.576379, 0.080675, 0.083793, 1.059596,
130.000000, -0.320109, 5.646680, 64.233263, 13.481179, 0.063939, 0.080150, 1.058688,
130.100000, -0.353907, 6.454257, 64.015911, 14.213489, 0.057944, 0.081892, 1.015632,
130.200000, -0.321091, 5.447623, 63.636447, 15.390808, 0.058276, 0.084155, 1.049554,
130.300000, -0.287356, 5.109114, 64.895102, 16.777909, 0.077397, 0.085039, 1.046165,
130.400000, -0.264231, 4.035428, 65.428631, 16.859207, 0.063135, 0.061658, 1.097916,
130.500000, -0.336439, 3.306859, 64.826894, 16.455998, 0.058880, 0.077476, 1.072398,
130.600000, -0.310685, 2.906221, 64.601020, 16.176236, 0.057947, 0.074080, 1.056087,
130.700000, -0.350526, 2.638614, 65.705052, 16.155171, 0.056854, 0.064039, 1.039436,
130.800000, -0.311327, 2.170705, 66.401614, 16.355222, 0.057008, 0.060156, 1.056587,
130.900000, -0.312772, 1.764559, 66.415615, 16.209370, 0.053938, 0.063944, 1.066648,
131.000000, -0.279077, 2.623031, 66.029886, 15.331261, 0.047477, 0.068222, 1.067100,
131.100000, -0.304139, 5.615644, 65.799705, 15.319042, 0.038769, 0.080561, 1.051455,
131.200000, -0.293126, 7.587943, 66.882414, 15.448853, 0.038481, 0.085216, 1.042573,
131.300000, -0.269937, 8.738689, 67.564841, 15.676762, 0.042698, 0.083279, 1.049198,
131.400000, -0.285963, 8.511132, 67.197637, 16.162689, 0.041900, 0.078139, 1.055945,
131.500000, -0.235343, 8.955488, 66.963074, 16.379792, 0.038432, 0.069746, 1.061050,
131.600000, -0.265496, 9.367296, 66.958133, 16.546430, 0.040156, 0.072456, 1.057570,
131.700000, -0.263911, 9.458885, 66.594944, 16.781763, 0.034324, 0.069457, 1.053365,
131.800000, -0.309388, 8.412367, 66.376973, 16.951621, 0.036551, 0.073001, 1.053284,
131.900000, -0.295185, 6.725264, 67.842316, 17.093637, 0.035549, 0.071608, 1.051998,
132.000000, -0.333740, 4.384584, 68.400807, 17.226919, 0.034163, 0.072141, 1.040177,
132.100000, -0.300535, 3.166952, 68.168908, 17.165629, 0.032882, 0.071832, 1.050182,
132.200000, -0.271466, 3.087581, 68.169597, 17.196894, 0.032216, 0.068937, 1.050959,
132.300000, -0.302193, 4.317673, 68.168537, 17.299088, 0.027862, 0.063174, 1.048956,
132.400000, -0.310678, 5.923548, 67.801038, 17.422548, 0.022373, 0.070543, 1.040936,
132.500000, -0.239356, 5.903767, 67.563113, 17.525206, 0.026651, 0.071485, 1.049719,
132.600000, -0.273000, 5.715928, 68.668730, 18.002700, 0.029020, 0.071810, 1.058862,
132.700000, -0.290201, 5.801453, 69.359022, 18.431726, 0.026135, 0.066995, 1.049916,
132.800000, -0.242241, 6.592049, 69.349456, 18.683492, 0.027735, 0.064952, 1.069368,
132.900000, -0.251964, 7.262439, 68.981739, 18.764886, 0.026076, 0.060784, 1.072754,
133.000000, -0.255797, 7.099240, 68.750239, 18.453114, 0.025933, 0.058406, 1.061841,
133.100000, -0.265355, 6.985606, 68.745106, 17.993707, 0.022615, 0.060844, 1.061097,
133.200000, -0.260968, 6.885998, 68.755146, 17.609336, 0.025958, 0.063716, 1.057789,
133.300000, -0.253629, 7.002993, 69.843381, 17.199652, 0.028739, 0.065826, 1.060343,
133.400000, -0.259328, 7.364108, 70.179590, 17.242992, 0.024139, 0.063033, 1.057652,
133.500000, -0.252738, 7.077589, 69.949360, 16.915809, 0.025472, 0.065071, 1.063680,
133.600000, -0.257968, 6.006830, 69.950933, 16.604280, 0.023996, 0.073125, 1.064870,
133.700000, -0.239112, 4.718263, 69.947954, 16.275525, 0.028030, 0.076159, 1.077169,
133.800000, -0.273167, 2.942026, 69.947552, 15.924222, 0.023508, 0.081762, 1.063427,
133.900000, -0.241780, 1.865450, 71.040317, 15.508823, 0.022283, 0.082207, 1.069676,
134.000000, -0.251307, 1.367626, 71.738798, 15.578355, 0.023257, 0.088807, 1.071912,
134.100000, -0.246747, 1.029898, 71.737021, 15.738507, 0.020465, 0.089130, 1.081752,
134.200000, -0.244323, 1.013398, 71.374375, 15.777669, 0.015805, 0.083530, 1.075421,
134.300000, -0.237238, 1.040832, 71.132725, 15.672515, 0.009724, 0.087522, 1.072978,
134.400000, -0.229798, 1.025905, 71.142162, 16.062226, 0.002334, 0.087890, 1.071737,
134.500000, -0.240099, 1.025987, 71.137728, 16.170688, -0.001351, 0.088929, 1.060265,
134.600000, -0.247112, 1.012084, 71.143036, 16.278775, -0.003444, 0.084858, 1.056892,
134.700000, -0.229000, 1.054657, 71.148936, 16.482709, -0.007576, 0.083882, 1.063109,
134.800000, -0.229545, 1.197378, 71.135466, 16.458026, -0.014872, 0.083725, 1.062673,
134.900000, -0.250141, 2.535611, 71.143928, 16.721651, -0.012916, 0.082670, 1.063983,
135.000000, -0.242741, 5.167642, 71.142741, 17.202259, -0.010900, 0.083887, 1.071564,
135.100000, -0.247706, 5.924667, 71.148063, 17.456676, -0.008140, 0.083100, 1.058105,
135.200000, -0.250877, 5.653885, 71.147756, 17.597594, -0.009883, 0.081392, 1.053161,
135.300000, -0.215181, 5.444114, 71.142023, 17.421806, -0.006876, 0.080476, 1.067829,
135.400000, -0.260740, 5.490522, 71.148488, 17.588081, -0.010938, 0.079227, 1.050060,
135.500000, -0.315797, 5.556440, 71.184174, 18.197956, -0.010881, 0.079733, 1.047351,
135.600000, -0.242223, 6.831179, 71.169040, 18.500050, -0.004227, 0.082836, 1.059751,
135.700000, -0.248522, 8.262381, 71.170345, 18.183303, -0.005892, 0.081621, 1.071344,
135.800000, -0.202859, 9.306758, 70.781999, 18.446114, -0.006330, 0.076620, 1.083185,
135.900000, -0.339900, 9.459479, 70.610312, 19.343920, -0.015238, 0.078745, 1.066686,
136.000000, -0.396749, 9.340665, 70.618327, 19.320964, -0.008541, 0.082163, 1.047447,
136.100000, -0.350983, 9.280650, 70.589727, 20.038050, -0.003687, 0.077877, 1.015248,
136.200000, -0.337151, 10.289282, 70.650835, 22.147134, 0.001068, 0.076082, 1.059176,
136.300000, -0.349759, 10.704754, 70.623743, 23.145716, 0.001022, 0.067183, 1.110357,
136.400000, -0.337961, 10.728214, 72.053890, 24.691426, -0.006179, 0.049858, 1.112315,
136.500000, -0.389818, 10.692565, 72.982393, 26.205498, -0.001207, 0.048533, 1.079879,
136.600000, -0.318757, 11.120267, 72.941015, 26.810867, 0.002165, 0.041907, 1.040026,
136.700000, -0.313275, 11.793447, 72.951131, 27.807094, 0.002628, 0.023364, 1.038206,
136.800000, -0.265673, 12.221163, 72.921605, 26.965202, 0.005389, 0.014074, 1.055982,
136.900000, -0.283992, 12.455468, 72.598596, 26.329694, 0.007848, 0.012246, 1.084408,
137.000000, -0.312710, 12.313747, 72.375602, 25.043776, 0.001330, 0.017633, 1.070616,
137.100000, -0.280456, 12.171871, 72.345775, 23.317374, 0.002941, 0.033395, 1.078363,
137.200000, -0.242209, 12.442992, 72.332128, 23.041824, 0.009774, 0.035138, 1.074444,
137.300000, -0.265858, 12.297287, 72.353578, 23.293984, 0.009327, 0.038124, 1.073649,
137.400000, -0.311037, 12.271373, 72.362751, 23.399188, 0.008474, 0.048563, 1.070619,
137.500000, -0.324342, 12.218619, 72.379665, 23.761509, 0.007927, 0.047778, 1.059622,
137.600000, -0.336299, 12.187042, 72.408443, 24.685594, 0.007911, 0.058886, 1.073034,
137.700000, -0.308026, 13.303954, 72.361277, 24.721758, 0.013365, 0.051284, 1.070438,
137.800000, -0.246821, 17.329793, 71.977702, 24.931592, 0.007159, 0.054926, 1.086261,
137.900000, -0.264829, 17.713395, 72.796891, 25.422546, 0.014950, 0.042665, 1.077075,
138.000000, -0.257387, 19.399036, 73.496713, 24.908063, 0.017845, 0.044040, 1.071513,
138.100000, -0.262998, 22.917843, 73.498394, 24.437203, 0.016285, 0.039219, 1.058957,
138.200000, -0.271959, 25.423726, 73.509630, 24.565365, 0.020526, 0.042794, 1.054711,
138.300000, -0.270476, 27.189830, 73.494239, 23.780897, 0.022276, 0.037692, 1.057540,
138.400000, -0.247689, 28.475314, 73.515938, 23.730679, 0.023479, 0.039822, 1.068875,
138.500000, -0.229746, 28.376109, 73.501421, 23.251247, 0.026094, 0.042214, 1.068893,
138.600000, -0.236517, 29.131038, 73.146233, 23.261052, 0.027859, 0.051753, 1.075969,
138.700000, -0.241974, 30.040302, 72.913633, 23.379221, 0.030622, 0.053359, 1.077943,
138.800000, -0.215527, 30.415406, 72.897422, 23.211988, 0.036793, 0.055843, 1.083422,
138.900000, -0.312945, 30.656672, 74.013089, 24.048735, 0.038931, 0.054164, 1.080405,
139.000000, -0.296547, 31.282441, 74.720168, 24.069256, 0.040610, 0.048413, 1.076368,
139.100000, -0.298100, 31.294305, 74.367760, 24.237643, 0.042482, 0.054811, 1.068008,
139.200000, -0.440802, 30.317228, 74.215057, 25.471920, 0.044249, 0.052809, 1.057148,
139.300000, -0.340195, 27.558458, 74.152567, 25.462384, 0.052612, 0.048726, 1.067346,
139.400000, -0.284698, 25.247044, 73.790116, 26.831410, 0.052649, 0.038243, 1.081230,
139.500000, -0.333405, 23.463379, 74.972785, 28.299887, 0.050350, 0.032718, 1.077323,
139.600000, -0.300618, 23.353888, 75.905952, 28.030363, 0.048153, 0.028086, 1.076923,
139.700000, -0.266847, 22.209384, 75.530302, 27.487443, 0.050408, 0.020078, 1.074770,
139.800000, -0.256674, 19.456959, 75.266451, 26.357126, 0.053125, 0.018600, 1.066074,
139.900000, -0.280699, 18.438414, 74.931158, 24.574402, 0.055447, 0.021778, 1.065966,
140.000000, -0.241042, 19.065371, 75.761283, 22.690141, 0.055274, 0.029668, 1.072075,
140.100000, -0.422162, 18.745207, 76.618517, 23.498045, 0.056600, 0.036180, 1.059874,
140.200000, -0.366411, 16.213050, 76.592954, 22.940880, 0.053604, 0.052227, 1.060250,
140.300000, -0.359491, 13.180647, 76.212002, 22.461421, 0.058982, 0.059814, 1.081017,
140.400000, -0.315932, 11.240524, 75.936201, 21.535384, 0.058753, 0.067251, 1.081647,
140.500000, -0.273881, 10.297836, 75.892461, 20.552622, 0.058558, 0.077220, 1.082390,
140.600000, -0.281553, 9.232138, 76.981153, 20.663058, 0.052387, 0.076366, 1.070621,
140.700000, -0.258906, 7.628131, 77.372152, 20.802686, 0.053267, 0.075510, 1.068692,
140.800000, -0.257987, 5.339769, 77.114875, 21.031506, 0.053437, 0.075784, 1.078378,
140.900000, -0.243430, 3.802261, 77.123116, 21.426474, 0.049438, 0.070669, 1.071417,
141.000000, -0.259002, 3.053298, 76.747616, 21.642346, 0.053642, 0.066492, 1.071445,
141.100000, -0.265824, 2.863386, 76.504863, 22.178385, 0.042692, 0.067999, 1.077878,
141.200000, -0.265499, 2.323428, 77.923796, 22.492520, 0.042921, 0.065364, 1.081006,
141.300000, -0.251852, 1.320309, 78.904011, 22.641299, 0.038123, 0.057342, 1.075594,
141.400000, -0.272162, 1.035550, 78.915761, 22.475800, 0.028540, 0.055966, 1.074004,
141.500000, -0.279169, 1.013491, 78.559033, 21.946203, 0.018997, 0.058204, 1.058412,
141.600000, -0.277346, 0.984593, 78.685804, 22.292590, 0.001839, 0.045814, 1.051157,
141.700000, -0.286048, 0.987575, 78.929278, 22.009865, -0.006213, 0.056104, 1.034698,
141.800000, -0.278860, 0.976505, 78.599194, 21.864488, 0.002982, 0.062281, 1.088703,
141.900000, 0.504068, 0.978413, 78.733765, 21.503682, -0.035928, 0.058864, 1.120614,
142.000000, 2.915281, 0.939252, 78.994069, 21.650015, -0.021317, 0.035850, 1.089814,
142.100000, 3.537530, 0.967182, 77.547173, 20.388955, -0.021509, 0.058262, 1.072154,
142.200000, 4.042208, 0.983672, 76.535073, 19.389856, -0.021183, 0.071527, 1.074539,
142.300000, 3.738916, 1.002469, 76.512544, 19.109508, -0.023614, 0.067040, 1.078243,
142.400000, 3.479155, 1.019562, 76.873135, 18.990831, -0.026085, 0.070538, 1.066415,
142.500000, 2.311253, 1.022490, 77.113820, 18.203953, -0.031130, 0.071222, 1.052550,
142.600000, -0.163120, 1.008723, 77.128103, 17.468120, -0.034946, 0.076396, 1.059303,
142.700000, -0.202015, 1.004282, 77.478781, 17.219826, -0.035701, 0.080888, 1.064869,
142.800000, -0.192786, 1.011559, 76.645140, 17.192871, -0.032154, 0.081594, 1.073533,
142.900000, -0.245749, 1.041996, 75.898510, 17.206710, -0.030988, 0.081630, 1.064611,
143.000000, -0.199297, 1.349288, 75.888946, 16.708445, -0.033509, 0.083963, 1.070114,
143.100000, -0.203680, 3.477506, 75.893589, 15.794028, -0.032223, 0.088081, 1.069605,
143.200000, -0.240749, 6.232810, 76.260216, 15.333454, -0.031580, 0.098583, 1.060449,
143.300000, -0.198512, 8.696733, 76.514250, 15.160540, -0.019542, 0.098566, 1.072406,
143.400000, -0.237651, 9.211245, 76.518600, 14.938577, -0.011915, 0.103046, 1.070476,
143.500000, -0.254208, 9.414230, 76.513456, 15.223232, -0.007036, 0.106509, 1.070284,
143.600000, -0.251858, 9.837293, 76.530110, 15.597247, -0.013928, 0.101945, 1.063765,
143.700000, -0.211713, 9.601029, 75.455799, 15.807380, -0.000766, 0.103823, 1.062886,
143.800000, -0.250554, 9.736276, 74.690163, 15.751893, -0.002242, 0.102612, 1.066360,
143.900000, -0.253381, 9.651642, 74.697086, 16.364877, -0.001877, 0.102158, 1.062591,
144.000000, -0.243291, 9.910828, 74.695575, 16.720634, -0.001062, 0.098232, 1.062809,
144.100000, -0.249077, 10.087530, 74.706971, 17.330893, -0.002247, 0.096348, 1.059060,
144.200000, -0.234557, 10.542961, 74.702521, 17.510383, 0.000006, 0.096986, 1.070604,
144.300000, -0.230014, 13.162551, 74.696972, 17.688702, -0.001051, 0.090972, 1.060067,
144.400000, -0.267368, 14.616089, 74.741735, 18.120478, 0.001215, 0.090343, 1.078747,
144.500000, -0.289547, 15.301287, 74.734458, 17.306907, 0.001024, 0.091380, 1.066018,
144.600000, -0.287554, 16.444605, 75.057512, 16.402830, 0.006857, 0.091801, 1.060965,
144.700000, -0.249399, 18.342655, 75.282382, 16.108222, 0.009364, 0.093386, 1.058301,
144.800000, -0.244830, 18.848435, 75.281812, 16.181754, 0.014473, 0.095044, 1.068895,
144.900000, -0.252292, 19.323947, 74.947963, 16.267498, 0.016789, 0.097295, 1.068480,
145.000000, -0.249744, 19.741914, 74.693097, 16.107504, 0.018451, 0.094467, 1.061735,
145.100000, -0.240633, 20.679223, 74.701175, 16.258751, 0.020297, 0.095087, 1.060305,
145.200000, -0.241499, 20.494304, 74.694097, 16.292402, 0.020243, 0.093888, 1.059479,
145.300000, -0.240645, 20.169021, 74.691030, 16.483501, 0.022869, 0.098992, 1.058225,
145.400000, -0.280124, 20.334435, 74.703099, 16.575832, 0.022630, 0.097480, 1.053429,
145.500000, -0.203495, 20.769790, 74.692869, 16.540208, 0.024415, 0.091754, 1.070122,
145.600000, -0.253399, 18.818020, 74.700677, 16.667138, 0.024897, 0.093590, 1.072444,
145.700000, -0.255848, 15.848532, 75.749652, 16.673424, 0.023726, 0.094765, 1.062053,
145.800000, -0.261391, 13.513102, 75.475036, 16.826924, 0.023786, 0.093184, 1.067173,
145.900000, -0.243492, 11.059141, 75.761727, 16.779224, 0.023974, 0.091218, 1.073511,
146.000000, -0.256241, 8.288957, 76.565870, 17.634476, 0.022263, 0.093484, 1.064793,
146.100000, -0.324582, 5.111285, 76.587346, 17.357055, 0.017837, 0.093270, 1.059513,
146.200000, -0.267165, 1.524562, 76.550411, 17.157379, 0.019444, 0.093898, 1.062870,
146.300000, -0.247422, 1.041138, 76.525916, 16.859175, 0.015087, 0.091747, 1.068815,
146.400000, -0.201554, 1.019215, 76.518100, 16.805935, 0.004532, 0.085135, 1.066866,
146.500000, -0.232150, 1.022441, 76.516203, 16.790101, -0.009313, 0.084702, 1.059892,
146.600000, -0.298437, 0.995970, 76.576589, 17.574246, -0.018894, 0.087421, 1.049906,
146.700000, -0.238537, 1.040325, 75.515136, 17.562536, -0.017007, 0.090487, 1.065405,
146.800000, -0.237134, 1.254143, 74.727804, 17.625756, -0.032008, 0.088674, 1.079012,
146.900000, -0.312423, 1.519244, 74.745339, 17.683892, -0.025725, 0.090661, 1.063441,
147.000000, -0.271551, 2.567381, 75.071703, 17.426842, -0.026442, 0.090149, 1.051858,
147.100000, -0.284617, 4.188114, 75.331897, 17.563223, -0.021642, 0.089100, 1.057706,
147.200000, -0.225196, 5.769993, 75.329740, 17.243043, -0.018159, 0.086229, 1.072769,
147.300000, -0.258482, 6.828026, 75.351948, 17.937958, -0.017615, 0.084273, 1.066782,
147.400000, -0.224348, 6.739646, 75.666625, 17.192721, -0.012566, 0.088896, 1.067721,
147.500000, -0.223989, 4.351244, 75.924716, 16.713675, -0.010528, 0.093397, 1.063890,
147.600000, -0.213346, 1.740476, 75.907626, 16.235777, -0.010688, 0.095009, 1.065481,
147.700000, -0.235190, 0.996633, 74.574389, 16.632829, -0.008447, 0.089391, 1.073212,
147.800000, -0.224294, 1.006502, 73.548248, 16.705402, -0.016553, 0.087989, 1.071359,
147.900000, -0.223522, 1.030508, 73.533429, 16.417423, -0.037408, 0.082041, 1.073436,
148.000000, -0.202980, 1.000662, 73.865609, 16.601000, -0.040247, 0.086767, 1.067658,
148.100000, 3.075781, 1.009419, 74.110597, 16.637131, -0.031154, 0.089556, 1.081925,
148.200000, 7.276059, 1.022347, 74.105980, 16.861010, -0.034719, 0.086058, 1.084970,
148.300000, 11.120647, 1.013752, 74.436866, 17.228724, -0.039927, 0.085614, 1.090059,
148.400000, 13.700773, 0.969197, 73.687157, 17.660589, -0.038015, 0.096130, 1.052801,
148.500000, 15.238981, 0.988310, 72.906681, 18.496705, -0.033455, 0.091318, 1.057050,
148.600000, 16.562537, 1.020044, 72.906295, 19.320678, -0.025163, 0.086622, 1.058677,
148.700000, 16.038479, 1.006660, 72.919747, 20.572930, -0.049093, 0.077681, 1.073935,
148.800000, 17.375201, 1.013589, 73.255295, 20.996178, -0.067348, 0.074719, 1.075715,
148.900000, 20.043656, 1.042522, 72.506052, 21.286205, -0.078011, 0.066565, 1.082185,
149.000000, 20.387549, 1.028133, 72.078138, 21.727706, -0.083926, 0.063145, 1.087996,
149.100000, 18.338074, 1.029413, 72.330801, 22.214139, -0.081018, 0.063821, 1.098017,
149.200000, 15.865597, 1.033269, 72.668503, 24.041579, -0.078386, 0.051552, 1.095526,
149.300000, 14.335206, 1.045786, 71.915299, 25.897827, -0.080002, 0.044976, 1.082548,
149.400000, 13.630059, 1.017017, 71.149025, 26.718803, -0.079126, 0.044041, 1.080596,
149.500000, 13.370805, 1.000358, 71.536017, 28.031799, -0.079086, 0.031415, 1.081539,
149.600000, 13.114004, 0.934721, 70.842142, 29.463191, -0.078992, 0.021263, 1.081153,
149.700000, 12.222623, 0.974224, 70.006356, 28.750633, -0.077098, 0.021533, 1.083586,
149.800000, 10.632130, 0.951436, 70.388865, 29.322063, -0.073027, 0.014175, 1.084992,
149.900000, 7.949553, 0.979861, 69.579003, 28.640174, -0.070953, 0.015156, 1.088639,
150.000000, 2.662878, 0.988503, 69.118005, 28.628299, -0.036222, 0.021439, 1.089193,
150.100000, -0.315878, 0.959530, 69.445852, 29.905329, -0.032499, 0.018568, 1.080900,
150.200000, -0.267304, 0.931409, 68.429560, 31.448787, -0.028105, 0.015346, 1.090187,
150.300000, -0.384190, 0.915545, 68.047942, 34.791167, -0.031810, -0.001907, 1.053767,
150.400000, -0.342305, 0.953550, 68.268131, 37.449852, -0.030054, -0.006736, 1.046872,
150.500000, -0.318549, 0.999525, 68.222654, 39.137027, -0.030556, -0.024559, 1.000072,
150.600000, -0.278327, 1.626884, 68.613222, 41.756063, -0.008153, -0.038834, 1.101744,
150.700000, -0.287741, 4.076692, 67.495904, 41.844698, -0.009652, -0.060402, 1.097988,
150.800000, -0.271700, 7.176046, 66.417571, 41.593132, -0.015601, -0.075506, 1.126534,
150.900000, -0.395763, 10.455173, 66.477073, 42.324159, -0.013515, -0.074123, 1.096549,
151.000000, -0.348266, 12.973167, 66.763980, 41.909558, -0.004592, -0.081960, 1.046979,
151.100000, -0.306051, 16.029370, 67.026813, 41.962497, 0.000511, -0.084297, 1.052933,
151.200000, -0.295754, 17.677430, 66.986829, 41.304874, 0.004216, -0.073396, 1.046649,
151.300000, -0.255092, 17.862448, 67.326690, 41.273150, 0.002925, -0.068477, 1.065873,
151.400000, -0.281624, 18.684361, 67.563238, 41.127320, 0.010621, -0.067098, 1.074354,
151.500000, -0.234674, 18.235669, 67.561223, 41.526663, 0.012824, -0.065720, 1.083820,
151.600000, -0.274468, 16.637265, 67.557529, 42.519628, 0.017016, -0.068986, 1.090418,
151.700000, -0.385342, 15.437708, 66.630041, 45.062664, 0.019604, -0.069787, 1.084624,
151.800000, -0.433425, 15.476172, 65.876459, 47.275033, 0.019607, -0.078081, 1.084757,
151.900000, -0.388182, 9.616090, 65.815877, 48.268181, 0.019335, -0.090048, 1.076813,
152.000000, -0.387779, 4.854690, 65.815223, 49.490804, 0.016780, -0.100431, 1.072480,
152.100000, -0.437271, 2.486846, 65.820624, 49.585935, 0.019960, -0.101686, 1.060955,
152.200000, -0.312089, 1.956086, 66.110026, 49.995819, 0.015036, -0.116132, 1.061989,
152.300000, -0.307737, 2.543682, 66.352112, 51.458103, 0.014312, -0.120043, 1.069212,
152.400000, -0.288908, 2.636048, 66.373977, 52.989014, 0.009772, -0.127789, 1.075246,
152.500000, -0.296019, 3.088632, 66.360659, 53.821329, 0.007493, -0.130109, 1.084149,
152.600000, -0.341819, 2.906885, 66.388584, 54.715966, 0.006544, -0.139676, 1.079651,
152.700000, -0.286049, 1.860034, 65.371151, 55.640983, 0.002950, -0.149418, 1.079056,
152.800000, -0.226133, 1.584610, 64.555567, 56.445263, 0.005609, -0.152748, 1.082431,
152.900000, -0.180832, 3.801406, 64.891608, 57.642337, 0.005142, -0.160151, 1.084040,
153.000000, -0.192161, 4.000832, 65.150397, 57.564110, 0.002662, -0.164429, 1.069706,
153.100000, -0.273878, 2.351141, 65.242696, 57.239783, 0.003576, -0.168294, 1.063696,
153.200000, -0.335192, 1.375517, 65.571019, 61.243056, 0.005656, -0.167738, 1.064184,
153.300000, -0.266816, 1.388582, 64.468091, 61.017064, 0.003114, -0.174186, 1.059320,
153.400000, -0.227308, 1.960397, 63.451131, 63.773296, -0.003240, -0.176143, 1.060932,
153.500000, -0.198532, 5.596555, 63.718334, 62.636088, 0.001585, -0.179940, 1.053016,
153.600000, -0.228772, 9.393300, 64.002324, 62.568053, -0.000702, -0.180310, 1.048304,
153.700000, -0.234172, 13.590698, 63.999454, 63.000239, -0.002980, -0.179463, 1.053351,
153.800000, -0.258950, 15.487192, 64.319227, 63.078770, 0.003108, -0.183360, 1.051683,
153.900000, -0.285692, 15.763216, 64.607135, 63.374312, 0.003728, -0.179788, 1.060640,
154.000000, -0.210244, 14.839112, 64.586574, 63.118186, 0.005235, -0.179963, 1.062730,
154.100000, -0.268433, 12.556073, 63.589774, 61.022620, 0.013645, -0.178681, 1.061210,
154.200000, -0.327513, 12.227566, 62.809306, 65.491964, 0.013817, -0.186275, 1.058402,
154.300000, -0.238972, 9.302164, 62.784570, 67.317648, 0.009522, -0.185057, 1.063809,
154.400000, -0.195152, 5.711706, 62.784921, 67.870138, 0.013525, -0.190637, 1.052782,
154.500000, -0.214414, 7.861204, 62.777372, 67.793758, 0.011616, -0.198165, 1.057994,
154.600000, -0.204520, 11.926119, 62.774082, 67.721825, 0.009499, -0.205641, 1.058915,
154.700000, -0.187588, 12.367803, 63.107321, 68.840959, 0.008715, -0.206940, 1.059638,
154.800000, -0.196437, 12.860219, 63.361890, 69.809806, 0.004032, -0.212233, 1.055883,
154.900000, -0.249954, 12.204441, 63.374512, 69.918371, 0.013008, -0.208792, 1.063493,
155.000000, -0.227736, 8.541308, 63.381954, 65.225499, 0.013299, -0.211717, 1.057227,
155.100000, -0.195900, 5.987261, 63.364619, 60.733859, 0.012039, -0.197201, 1.058086,
155.200000, -0.159191, 4.752235, 63.385616, 65.960428, 0.011297, -0.193857, 1.064052,
155.300000, -0.089952, 4.277106, 62.379595, 61.701511, 0.008887, -0.192530, 1.055361,
155.400000, -0.069469, 7.797390, 61.589080, 66.452751, 0.006037, -0.194738, 1.061200,
155.500000, -0.116114, 9.602085, 61.574010, 68.421894, 0.009561, -0.188059, 1.052687,
155.600000, -0.062377, 11.526065, 61.567536, 64.655131, 0.008849, -0.189149, 1.059927,
155.700000, -0.087561, 11.929155, 61.901858, 67.619404, 0.009162, -0.191984, 1.048069,
155.800000, -0.060580, 11.899753, 62.163887, 67.801928, 0.011221, -0.194770, 1.051982,
155.900000, -0.098008, 8.391681, 62.189747, 62.311040, 0.013803, -0.196018, 1.055704,
156.000000, -0.092405, 5.648739, 62.196529, 68.596015, 0.012086, -0.204507, 1.057345,
156.100000, -0.103525, 6.772766, 62.191830, 73.452146, 0.009124, -0.209603, 1.054324,
156.200000, -0.137244, 10.421219, 62.216874, 73.008787, 0.007022, -0.222038, 1.040454,
156.300000, -0.207384, 11.517961, 62.225684, 64.930809, 0.010756, -0.215138, 1.049130,
156.400000, -0.159461, 13.041630, 62.236878, 60.207572, 0.013003, -0.204578, 1.054822,
156.500000, -0.211634, 13.941109, 62.223307, 61.064899, 0.006083, -0.192900, 1.049042,
156.600000, -0.200302, 14.727284, 62.208339, 60.432268, 0.011007, -0.174586, 1.049312,
156.700000, -0.259134, 15.493198, 62.248268, 60.408645, 0.005612, -0.159174, 1.041354,
156.800000, -0.217909, 17.409746, 62.236149, 59.884062, 0.013756, -0.144710, 1.056298,
156.900000, -0.197314, 18.706064, 62.211089, 59.329409, 0.009905, -0.136201, 1.047146,
157.000000, -0.157822, 20.280937, 62.181925, 59.308745, 0.009889, -0.127553, 1.048490,
157.100000, -0.118103, 21.678421, 62.156939, 59.681533, 0.018760, -0.129936, 1.052863,
157.200000, -0.257842, 21.225112, 62.226765, 61.568054, 0.020269, -0.140720, 1.053190,
157.300000, -0.278252, 21.082034, 62.229214, 63.306988, 0.025740, -0.145310, 1.052188,
157.400000, -0.270096, 19.835719, 62.239869, 64.412377, 0.030802, -0.155942, 1.048328,
157.500000, -0.236423, 18.405903, 62.203065, 63.904381, 0.029142, -0.162707, 1.049096,
157.600000, -0.295211, 18.550577, 61.907682, 63.114595, 0.036635, -0.168516, 1.042953,
157.700000, -0.197981, 21.841816, 61.608100, 60.853143, 0.040166, -0.167006, 1.059905,
157.800000, -0.259476, 21.953594, 62.590121, 59.525822, 0.033049, -0.162812, 1.055422,
157.900000, -0.223549, 23.108841, 63.383578, 57.080723, 0.039803, -0.156448, 1.066065,
158.000000, -0.169942, 23.413251, 63.354319, 54.659996, 0.036680, -0.141810, 1.071981,
158.100000, -0.193885, 22.608294, 63.017706, 52.797433, 0.036920, -0.135273, 1.076376,
158.200000, -0.201288, 20.605535, 62.751390, 51.675114, 0.039216, -0.124553, 1.077285,
158.300000, -0.186145, 18.904963, 62.755692, 50.743052, 0.040792, -0.111286, 1.068452,
158.400000, -0.262998, 16.759490, 63.774870, 50.985139, 0.043945, -0.103159, 1.078303,
158.500000, -0.280102, 14.707486, 64.280518, 51.152486, 0.041530, -0.103761, 1.071423,
158.600000, -0.323092, 11.678425, 64.037069, 51.822043, 0.042461, -0.104376, 1.069443,
158.700000, -0.366255, 8.742515, 64.078024, 52.778219, 0.038071, -0.109340, 1.066624,
158.800000, -0.381545, 7.722970, 64.097106, 53.257428, 0.033184, -0.108116, 1.067287,
158.900000, -0.311195, 8.401163, 63.762571, 53.548668, 0.030658, -0.119885, 1.073304,
159.000000, -0.411458, 10.039866, 63.473097, 53.106321, 0.034650, -0.119778, 1.058530,
159.100000, -0.353796, 11.244049, 64.719089, 51.289886, 0.031364, -0.125270, 1.057158,
159.200000, -0.405753, 12.455893, 65.800303, 52.097535, 0.030085, -0.128702, 1.050843,
159.300000, -0.473518, 13.223764, 65.468243, 49.678619, 0.030107, -0.122450, 1.027644,
159.400000, -0.325278, 14.925680, 65.200721, 47.242365, 0.037581, -0.124545, 1.076593,
159.500000, -0.281052, 15.227244, 65.190224, 43.794033, 0.048642, -0.100279, 1.112200,
159.600000, -0.375244, 14.676192, 64.860297, 39.919643, 0.038479, -0.075951, 1.107877,
159.700000, -0.392876, 14.679523, 64.586919, 36.486931, 0.034422, -0.049424, 1.085428,
159.800000, -0.391176, 15.339108, 65.533991, 34.442526, 0.040257, -0.035223, 1.050884,
159.900000, -0.406852, 16.760020, 66.368965, 33.677761, 0.039280, -0.027182, 1.029949,
160.000000, -0.320377, 17.771608, 66.355557, 33.194414, 0.038208, -0.003336, 1.042064,
160.100000, -0.304516, 18.286525, 66.354242, 32.683074, 0.037279, -0.001245, 1.051494,
160.200000, -0.296950, 17.713268, 66.051551, 32.673576, 0.041797, 0.008810, 1.073530,
160.300000, -0.276623, 17.253677, 65.772965, 31.873835, 0.036862, 0.006969, 1.085605,
160.400000, -0.297767, 17.201007, 65.780644, 30.963146, 0.038130, 0.012288, 1.077980,
160.500000, -0.282499, 17.735060, 66.735101, 30.271530, 0.037223, 0.010294, 1.080210,
160.600000, -0.324168, 19.379051, 67.605592, 30.477736, 0.042095, 0.017665, 1.076885,
160.700000, -0.327487, 20.873476, 67.299970, 30.736758, 0.042069, 0.019152, 1.075654,
160.800000, -0.373080, 21.682549, 67.003259, 30.564829, 0.035785, 0.016394, 1.051987,
160.900000, -0.362095, 22.151282, 67.014055, 31.189999, 0.035621, 0.013243, 1.049449,
161.000000, -0.332674, 22.539444, 66.979091, 31.134154, 0.036000, 0.011275, 1.030884,
161.100000, -0.284104, 21.558218, 66.694579, 31.211429, 0.047288, 0.018377, 1.063624,
161.200000, -0.340589, 20.605367, 66.454659, 31.844996, 0.043318, 0.003903, 1.123373,
161.300000, -0.296533, 19.176713, 67.662064, 30.664908, 0.028775, 0.003837, 1.097804,
161.400000, -0.335364, 18.304530, 68.451311, 30.637662, 0.042005, 0.007809, 1.085877,
161.500000, -0.310586, 18.835566, 68.166618, 29.882808, 0.038080, 0.007896, 1.048316,
161.600000, -0.288800, 18.939646, 68.150721, 29.545993, 0.038597, 0.002708, 1.039835,
161.700000, -0.249644, 18.499376, 68.155164, 28.085827, 0.043353, 0.006209, 1.050055,
161.800000, -0.234240, 18.311952, 68.155714, 25.475249, 0.041465, 0.014977, 1.068893,
161.900000, -0.226056, 18.777541, 67.838036, 23.144722, 0.040324, 0.025034, 1.089994,
162.000000, -0.226850, 19.261582, 67.563527, 21.098552, 0.043958, 0.034223, 1.105366,
162.100000, -0.209244, 19.077571, 68.513363, 20.005461, 0.040820, 0.046383, 1.112370,
162.200000, -0.200918, 18.660464, 69.352146, 18.968752, 0.040228, 0.059591, 1.114222,
162.300000, -0.213662, 18.161217, 69.353616, 17.751515, 0.038734, 0.069786, 1.096259,
162.400000, -0.248357, 17.429354, 69.362990, 17.343268, 0.037559, 0.076955, 1.063097,
162.500000, -0.254691, 16.688567, 69.351983, 17.222058, 0.036535, 0.080086, 1.027775,
162.600000, -0.269553, 16.025188, 69.030460, 17.006712, 0.035655, 0.084025, 1.006230,
162.700000, -0.286259, 15.300848, 68.755063, 16.858801, 0.034754, 0.082663, 1.002157,
162.800000, -0.253166, 13.385943, 68.748857, 16.627584, 0.034701, 0.085873, 1.008356,
162.900000, -0.265794, 8.192351, 68.755582, 15.971012, 0.039318, 0.088705, 1.044012,
163.000000, -0.261681, 3.300936, 68.763877, 15.113366, 0.037901, 0.087953, 1.071496,
163.100000, -0.206302, 2.176441, 69.699931, 14.642856, 0.036829, 0.086295, 1.084712,
163.200000, -0.229374, 1.433131, 70.234883, 14.850477, 0.027941, 0.085121, 1.080807,
163.300000, -0.257393, 1.056795, 69.951187, 14.608362, 0.020158, 0.088078, 1.068966,
163.400000, -0.231669, 1.026428, 69.950414, 14.281152, 0.023335, 0.088274, 1.075159,
163.500000, -0.228103, 1.061842, 69.950116, 14.149982, 0.015421, 0.084442, 1.060520,
163.600000, -0.218782, 1.014956, 69.946551, 14.052309, 0.008509, 0.086032, 1.065975,
163.700000, -0.247584, 1.064043, 69.947141, 13.986016, 0.002105, 0.087780, 1.054059,
163.800000, -0.246556, 1.245731, 69.947425, 13.786688, 0.002228, 0.091953, 1.057420,
163.900000, -0.241972, 1.525579, 69.948520, 13.971727, 0.000916, 0.088070, 1.068764,
164.000000, -0.201055, 2.416757, 69.950488, 14.196619, 0.000636, 0.086920, 1.081308,
164.100000, -0.292451, 3.037040, 70.002128, 14.883015, -0.000683, 0.082605, 1.089327,
164.200000, -0.340366, 3.426396, 70.023832, 15.342354, -0.001570, 0.082610, 1.090298,
164.300000, -0.206734, 3.611154, 69.968643, 14.962857, 0.000007, 0.078033, 1.103080,
164.400000, -0.251343, 2.885387, 70.013266, 16.114164, -0.000390, 0.079377, 1.109171,
164.500000, -0.285528, 3.094159, 69.993511, 16.715790, -0.004677, 0.078373, 1.072243,
164.600000, -0.252248, 3.731463, 70.275412, 17.034612, -0.006841, 0.071366, 1.057574,
164.700000, -0.368330, 4.390809, 69.696457, 18.846922, 0.002174, 0.066595, 1.052337,
164.800000, -0.358101, 3.686146, 68.821608, 18.735728, -0.003979, 0.065186, 1.053966,
164.900000, -0.218122, 3.506471, 68.777780, 18.211273, -0.000962, 0.057432, 1.071115,
165.000000, -0.211859, 3.311968, 68.775406, 18.389735, 0.008638, 0.061611, 1.105454,
165.100000, -0.362796, 1.905786, 68.831520, 19.070912, 0.000197, 0.069754, 1.133886,
165.200000, -0.294549, 1.119305, 68.774406, 18.755068, -0.012618, 0.047098, 1.081353,
165.300000, -0.303257, 1.049489, 68.741498, 18.577074, -0.000204, 0.052030, 1.029948,
165.400000, -0.263993, 1.162184, 68.754772, 19.243808, -0.005661, 0.045292, 1.024200,
165.500000, -0.366179, 1.302717, 69.184668, 21.134442, 0.000998, 0.044031, 1.040489,
165.600000, -0.289123, 1.403290, 69.395881, 20.327566, -0.003001, 0.038553, 1.084866,
165.700000, -0.332114, 1.318708, 69.422484, 21.415130, -0.005820, 0.040262, 1.095776,
165.800000, -0.348485, 1.242373, 69.401808, 22.412047, -0.007759, 0.038466, 1.091766,
165.900000, -0.267493, 1.631679, 69.372628, 21.938396, -0.003582, 0.034224, 1.074877,
166.000000, -0.268341, 3.571647, 69.379440, 22.588413, -0.002314, 0.025055, 1.068758,
166.100000, -0.357208, 4.435993, 68.525068, 22.413203, -0.001371, 0.030592, 1.071997,
166.200000, -0.381787, 3.842525, 67.660425, 21.691378, -0.002828, 0.029019, 1.039127,
166.300000, -0.344744, 3.085748, 67.595547, 20.312060, -0.002401, 0.034367, 1.071402,
166.400000, -0.339234, 2.198571, 67.915648, 20.215663, 0.003081, 0.032551, 1.053392,
166.500000, -0.266668, 2.029629, 68.172579, 19.995482, -0.002379, 0.024466, 1.071649,
166.600000, -0.214553, 3.033577, 68.138816, 19.526443, -0.001176, 0.036929, 1.084763,
166.700000, -0.314864, 4.201909, 68.192415, 20.222705, 0.001346, 0.044021, 1.089229,
166.800000, -0.361446, 4.663444, 68.243850, 20.781134, -0.004064, 0.044416, 1.073255,
166.900000, -0.304041, 4.953965, 68.196035, 20.520538, -0.002986, 0.038416, 1.066104,
167.000000, -0.261813, 5.581619, 68.189451, 20.142202, 0.005705, 0.035263, 1.077145,
167.100000, -0.301932, 6.608035, 68.198625, 19.248547, 0.001166, 0.039206, 1.067399,
167.200000, -0.297855, 7.339272, 68.519786, 18.626092, 0.004788, 0.048872, 1.077168,
167.300000, -0.257234, 8.046484, 68.754249, 17.054510, 0.000719, 0.049335, 1.075021,
167.400000, -0.267079, 9.563987, 67.524728, 16.644114, -0.000732, 0.056291, 1.071163,
167.500000, -0.260826, 11.380220, 66.387421, 16.672073, 0.002794, 0.060228, 1.067176,
167.600000, -0.242585, 14.047773, 66.374515, 15.285203, 0.002690, 0.065680, 1.068369,
167.700000, -0.239266, 17.699287, 66.694184, 13.931551, 0.002542, 0.073738, 1.072140,
167.800000, -0.262327, 20.073142, 66.970694, 12.508531, 0.014779, 0.083367, 1.066641,
167.900000, -0.262600, 23.096190, 66.965087, 12.386149, 0.008706, 0.080052, 1.061565,
168.000000, -0.393276, 26.443317, 67.058001, 13.540602, 0.014607, 0.086186, 1.056486,
168.100000, -0.293185, 29.039244, 67.003462, 12.945419, 0.026282, 0.100466, 1.082170,
168.200000, -0.284714, 28.565098, 66.996126, 12.875215, 0.030481, 0.095759, 1.064198,
168.300000, -0.279699, 27.794586, 66.969083, 12.826659, 0.025856, 0.092078, 1.075595,
168.400000, -0.271343, 26.041448, 66.985905, 13.364291, 0.029048, 0.092220, 1.082634,
168.500000, -0.248271, 25.566779, 66.979274, 13.379864, 0.032073, 0.093071, 1.087125,
168.600000, -0.247147, 27.143632, 66.967772, 13.178041, 0.027034, 0.093840, 1.085311,
168.700000, -0.365179, 28.927015, 67.028733, 14.035583, 0.026194, 0.092702, 1.060787,
168.800000, -0.347015, 30.362636, 67.031806, 14.445132, 0.025532, 0.092280, 1.055549,
168.900000, -0.300870, 30.991710, 66.971737, 13.566647, 0.029222, 0.091494, 1.048066,
169.000000, -0.263299, 31.273598, 66.968757, 13.821848, 0.045221, 0.087763, 1.064643,
169.100000, -0.294290, 31.547430, 66.960233, 14.220287, 0.049767, 0.084078, 1.057171,
169.200000, -0.309752, 31.775155, 66.945465, 14.323861, 0.057019, 0.082531, 1.070718,
169.300000, -0.308596, 31.919433, 66.985363, 16.047034, 0.063334, 0.082306, 1.057728,
169.400000, -0.282698, 31.255769, 66.983704, 17.222361, 0.067971, 0.078256, 1.084017,
169.500000, -0.290020, 31.104901, 66.678503, 18.698377, 0.073929, 0.069856, 1.076632,
169.600000, -0.296795, 29.389235, 67.601833, 18.773575, 0.073095, 0.060908, 1.062875,
169.700000, -0.255892, 28.862314, 68.768920, 19.298587, 0.079150, 0.059680, 1.095108,
169.800000, -0.265510, 28.133508, 68.447485, 19.957584, 0.077661, 0.048013, 1.072274,
169.900000, -0.279647, 26.757814, 68.162808, 21.079185, 0.072297, 0.041723, 1.064701,
170.000000, -0.301620, 25.800020, 68.168535, 22.023381, 0.076457, 0.037983, 1.045845,
170.100000, -0.270616, 24.767129, 68.150550, 22.533020, 0.076789, 0.039905, 1.047644,
170.200000, -0.257526, 24.004544, 68.170952, 23.475093, 0.079973, 0.031430, 1.061628,
170.300000, -0.227334, 22.839747, 67.849989, 24.501235, 0.075008, 0.020982, 1.062794,
170.400000, -0.218118, 22.447545, 67.563962, 25.724095, 0.079171, 0.011075, 1.070796,
170.500000, -0.216513, 22.805721, 68.481576, 25.937381, 0.076703, 0.006086, 1.065845,
170.600000, -0.243577, 23.354267, 69.372843, 25.098312, 0.076414, 0.005340, 1.069325,
170.700000, -0.320959, 23.274476, 69.444650, 24.532639, 0.073029, -0.000316, 1.046711,
170.800000, -0.257422, 22.400151, 69.407340, 22.361772, 0.074315, 0.005413, 1.049407,
170.900000, -0.250123, 20.927090, 69.103104, 21.954811, 0.079909, 0.015613, 1.047457,
171.000000, -0.340773, 18.922077, 68.896610, 22.864946, 0.072467, 0.018983, 1.058385,
171.100000, -0.263578, 17.486069, 68.848676, 22.577062, 0.073682, 0.024260, 1.052200,
171.200000, -0.274499, 15.967384, 68.862620, 22.564620, 0.069411, 0.028115, 1.068910,
171.300000, -0.177837, 15.257730, 69.704283, 21.767680, 0.077967, 0.036467, 1.073160,
171.400000, -0.178564, 14.854310, 70.577575, 21.649728, 0.070155, 0.031938, 1.046259,
